Date IfLatB Conc DiameterA_um Def
20151004	0	0.05	15.179606	0.10359925
20151004	0	0.05	13.220588	0.076357186
20151004	0	0.05	17.107903	0.087162077
20151004	0	0.05	13.471487	0.051715374
20151004	0	0.05	13.471487	0.051715374
20151004	0	0.05	14.254506	0.071885228
20151004	0	0.05	13.959761	0.090975702
20151004	0	0.05	14.254506	0.071885228
20151004	0	0.05	13.457822	0.065109372
20151004	0	0.05	15.410562	0.097034633
20151004	0	0.05	12.107756	0.061994016
20151004	0	0.05	13.959761	0.062394679
20151004	0	0.05	15.555532	0.068689167
20151004	0	0.05	13.372792	0.056723475
20151004	0	0.05	12.850807	0.06681627
20151004	0	0.05	15.218343	0.064933598
20151004	0	0.05	13.728521	0.060918272
20151004	0	0.05	13.599258	0.077798724
20151004	0	0.05	14.789156	0.10475963
20151004	0	0.05	14.049096	0.0645926
20151004	0	0.05	15.196566	0.057516992
20151004	0	0.05	15.548434	0.08779037
20151004	0	0.05	13.41126	0.087972879
20151004	0	0.05	13.120008	0.060700059
20151004	0	0.05	13.90165	0.093245804
20151004	0	0.05	11.677683	0.06107676
20151004	0	0.05	14.984425	0.07158339
20151004	0	0.05	14.174257	0.10216892
20151004	0	0.05	11.824854	0.068790197
20151004	0	0.05	14.823948	0.070702374
20151004	0	0.05	12.387168	0.069046438
20151004	0	0.05	12.407944	0.060218632
20151004	0	0.05	18.718372	0.079364479
20151004	0	0.05	13.725841	0.094765365
20151004	0	0.05	12.619658	0.050854206
20151004	0	0.05	12.729978	0.078691244
20151004	0	0.05	15.541333	0.079825342
20151004	0	0.05	14.344571	0.066833138
20151004	0	0.05	13.755299	0.08165586
20151004	0	0.05	12.419801	0.071818411
20151004	0	0.05	12.333582	0.069925547
20151004	0	0.05	15.021214	0.091650367
20151004	0	0.05	19.136353	0.02431041
20151004	0	0.05	13.198304	0.077801049
20151004	0	0.05	16.548126	0.088393092
20151004	0	0.05	15.555532	0.097034276
20151004	0	0.05	13.328694	0.065262675
20151004	0	0.05	8.2818422	0.012684822
20151004	0	0.05	14.799105	0.083952546
20151004	0	0.05	13.298292	0.062862098
20151004	0	0.05	13.060977	0.06694293
20151004	0	0.05	13.520563	0.084595919
20151004	0	0.05	14.249343	0.060001969
20151004	0	0.05	16.652308	0.10130453
20151004	0	0.05	16.49021	0.10193479
20151004	0	0.05	15.515266	0.079027295
20151004	0	0.05	12.625489	0.049566329
20151004	0	0.05	14.967226	0.070531905
20151004	0	0.05	13.666735	0.060564101
20151004	0	0.05	13.063795	0.069366455
20151004	0	0.05	12.721303	0.050557017
20151004	0	0.05	15.748309	0.077015758
20151004	0	0.05	12.546552	0.057216227
20151004	0	0.05	12.083419	0.078080773
20151004	0	0.05	13.988726	0.062379897
20151004	0	0.05	14.202785	0.079313755
20151004	0	0.05	12.043765	0.083043873
20151004	0	0.05	12.727086	0.077471673
20151004	0	0.05	12.561207	0.078041613
20151004	0	0.05	14.23901	0.070093393
20151004	0	0.05	16.630196	0.10601622
20151004	0	0.05	17.077765	0.090483844
20151004	0	0.05	14.166467	0.075561523
20151004	0	0.05	13.228935	0.069409251
20151004	0	0.05	12.905097	0.055785
20151004	0	0.05	14.293176	0.087545574
20151004	0	0.05	13.097551	0.052228868
20151004	0	0.05	13.089121	0.053869128
20151004	0	0.05	11.991714	0.056504905
20151004	0	0.05	12.165361	0.062983572
20151004	0	0.05	15.126183	0.068227351
20151004	0	0.05	14.423873	0.061572909
20151004	0	0.05	12.315668	0.054211736
20151004	0	0.05	13.837977	0.091307044
20151004	0	0.05	14.421322	0.081881225
20151004	0	0.05	13.476949	0.080426097
20151004	0	0.05	13.936017	0.077082992
20151004	0	0.05	11.911665	0.054326653
20151004	0	0.05	15.269034	0.082610309
20151004	0	0.05	14.651672	0.059062064
20151004	0	0.05	12.526005	0.079746962
20151004	0	0.05	12.514249	0.067167699
20151004	0	0.05	12.625489	0.056691229
20151004	0	0.05	14.714324	0.054389656
20151004	0	0.05	12.540685	0.066961765
20151004	0	0.05	16.29492	0.064860702
20151004	0	0.05	14.535687	0.075103641
20151004	0	0.05	11.64297	0.053881228
20151004	0	0.05	12.567064	0.048897326
20151004	0	0.05	17.677015	0.10615069
20151004	0	0.05	11.201629	0.064005733
20151004	0	0.05	14.477346	0.069886327
20151004	0	0.05	15.493907	0.064166784
20151004	0	0.05	13.933376	0.070166528
20151004	0	0.05	12.902245	0.05548811
20151004	0	0.05	12.222695	0.054372609
20151004	0	0.05	14.853704	0.080985308
20151004	0	0.05	12.375279	0.049571574
20151004	0	0.05	12.496594	0.064276278
20151004	0	0.05	12.186516	0.06784606
20151004	0	0.05	13.612781	0.063265622
20151004	0	0.05	14.456999	0.089139223
20151004	0	0.05	13.060977	0.050780177
20151004	0	0.05	13.301059	0.081716359
20151004	0	0.05	13.5396	0.081465662
20151004	0	0.05	15.001605	0.055880249
20151004	0	0.05	11.8124	0.047391355
20151004	0	0.05	12.581696	0.051183343
20151004	0	0.05	12.779022	0.074036956
20151004	0	0.05	13.610078	0.05710876
20151004	0	0.05	13.864543	0.086477637
20151004	0	0.05	15.172333	0.078250825
20151004	0	0.05	13.080684	0.072307885
20151004	0	0.05	13.71243	0.057244122
20151004	0	0.05	13.599258	0.075577557
20151004	0	0.05	14.977057	0.073692381
20151004	0	0.05	19.312445	0.10210496
20151004	0	0.05	13.909589	0.073750257
20151004	0	0.05	14.479888	0.078917742
20151004	0	0.05	12.663321	0.057326376
20151004	0	0.05	13.032775	0.064184844
20151004	0	0.05	14.984425	0.10399008
20151004	0	0.05	14.525558	0.071000218
20151004	0	0.05	11.945598	0.057958901
20151004	0	0.05	11.84351	0.056038797
20151004	0	0.05	13.528725	0.062583268
20151004	0	0.05	12.94211	0.055219471
20151004	0	0.05	12.961998	0.060848951
20151004	0	0.05	15.184454	0.083249331
20151004	0	0.05	14.454453	0.070560157
20151004	0	0.05	13.564037	0.064127028
20151004	0	0.05	12.776142	0.096045434
20151004	0	0.05	13.386544	0.079840541
20151004	0	0.05	9.7283564	0.0090633035
20151004	0	0.05	12.156284	0.06847626
20151004	0	0.05	12.92504	0.094790697
20151004	0	0.05	13.375544	0.067673981
20151004	0	0.05	12.976184	0.05886054
20151004	0	0.05	14.989335	0.085329235
20151004	0	0.05	13.647875	0.060699821
20151004	0	0.05	15.680403	0.061174154
20151004	0	0.05	17.025974	0.11452752
20151004	0	0.05	15.827553	0.056221485
20151004	0	0.05	15.094525	0.090490043
20151004	0	0.05	16.204342	0.072093964
20151004	0	0.05	14.883403	0.065326214
20151004	0	0.05	13.262272	0.064129412
20151004	0	0.05	14.127452	0.10028845
20151004	0	0.05	14.746798	0.064605653
20151004	0	0.05	11.338757	0.051918805
20151004	0	0.05	12.58462	0.10828716
20151004	0	0.05	12.715516	0.082666516
20151004	0	0.05	14.411112	0.06914103
20151004	0	0.05	14.421322	0.066874444
20151004	0	0.05	14.382998	0.080086708
20151004	0	0.05	16.884912	0.10258108
20151004	0	0.05	16.876192	0.087464511
20151004	0	0.05	10.885087	0.026035666
20151004	0	0.05	12.049874	0.05672729
20151004	0	0.05	13.5396	0.077104986
20151004	0	0.05	11.519055	0.05296737
20151004	0	0.05	11.406702	0.018532097
20151004	0	0.05	12.324629	0.075865626
20151004	0	0.05	12.628403	0.061325669
20151004	0	0.05	10.711296	0.061957181
20151004	0	0.05	14.441719	0.072018266
20151004	0	0.05	15.616915	0.097901762
20151004	0	0.05	15.1893	0.076863647
20151004	0	0.05	12.366356	0.058515906
20151004	0	0.05	15.060358	0.085275352
20151004	0	0.05	13.655961	0.058077514
20151004	0	0.05	13.314884	0.061751068
20151004	0	0.05	14.915508	0.077294707
20151004	0	0.05	14.696809	0.084348798
20151004	0	0.05	16.092688	0.067854345
20151004	0	0.05	11.655605	0.029902816
20151004	0	0.05	12.104716	0.053588212
20151004	0	0.05	15.07257	0.079446256
20151004	0	0.05	14.631567	0.071925402
20151004	0	0.05	12.712623	0.041109204
20151004	0	0.05	17.867498	0.11902863
20151004	0	0.05	17.069143	0.091027141
20151004	0	0.05	11.92093	0.10281593
20151004	0	0.05	15.588614	0.085268438
20151004	0	0.05	12.922193	0.09423238
20151004	0	0.05	12.813529	0.051343799
20151004	0	0.05	12.99885	0.04706043
20151004	0	0.05	14.646648	0.074634194
20151004	0	0.05	13.029951	0.053352892
20151004	0	0.05	14.510351	0.090262353
20151004	0	0.05	12.165361	0.068469226
20151004	0	0.05	13.864543	0.094672322
20151004	0	0.05	15.035905	0.10908526
20151004	0	0.05	12.680743	0.072285593
20151004	0	0.05	15.172333	0.079187572
20151004	0	0.05	13.501498	0.057893932
20151004	0	0.05	12.642963	0.086122155
20151004	0	0.05	13.88841	0.065746903
20151004	0	0.05	12.360403	0.0444116
20151004	0	0.05	12.78478	0.065977335
20151004	0	0.05	14.218321	0.059949338
20151004	0	0.05	13.962396	0.075404584
20151004	0	0.05	15.759987	0.076972306
20151004	0	0.05	13.427712	0.052112162
20151004	0	0.05	14.950006	0.066578388
20151004	0	0.05	13.498773	0.084832609
20151004	0	0.05	13.816689	0.090001583
20151004	0	0.05	10.294381	0.032939851
20151004	0	0.05	13.798034	0.074353516
20151004	0	0.05	16.021648	0.088693678
20151004	0	0.05	14.54581	0.084285855
20151004	0	0.05	16.687626	0.099063575
20151004	0	0.05	15.055471	0.067294896
20151004	0	0.05	13.591139	0.08461833
20151004	0	0.05	11.880734	0.057540417
20151004	0	0.05	15.140771	0.087814093
20151004	0	0.05	11.419599	0.053523183
20151004	0	0.05	14.861135	0.071284056
20151004	0	0.05	12.648783	0.071147799
20151004	0	0.05	13.859234	0.060976923
20151004	0	0.05	14.581183	0.066578388
20151004	0	0.05	15.806615	0.077342689
20151004	0	0.05	15.472519	0.064031065
20151004	0	0.05	13.827337	0.072194278
20151004	0	0.05	12.419801	0.061032832
20151004	0	0.05	12.416838	0.059930861
20151004	0	0.05	14.754281	0.089721084
20151004	0	0.05	12.66913	0.077016354
20151004	0	0.05	14.796618	0.067134798
20151004	0	0.05	13.601964	0.079258025
20151004	0	0.05	13.899003	0.05459404
20151004	0	0.05	13.386544	0.057082891
20151004	0	0.05	12.712623	0.066180766
20151004	0	0.05	14.528091	0.081352353
20151004	0	0.05	12.390138	0.051745176
20151004	0	0.05	14.17166	0.097251534
20151004	0	0.05	13.256721	0.061845422
20151004	0	0.05	12.885122	0.068164349
20151004	0	0.05	13.276137	0.063298464
20151004	0	0.05	14.40345	0.081178665
20151004	0	0.05	14.176853	0.079247415
20151004	0	0.05	12.327614	0.072215855
20151004	0	0.05	18.387152	0.094155252
20151004	0	0.05	14.54328	0.073600233
20151004	0	0.05	14.367639	0.080964863
20151004	0	0.05	14.828912	0.074462056
20151004	0	0.05	12.46121	0.065031409
20151004	0	0.05	12.637141	0.055975676
20151004	0	0.05	14.626536	0.085112154
20151004	0	0.05	15.14806	0.077872694
20151004	0	0.05	12.378252	0.034974694
20151004	0	0.05	12.381225	0.052775085
20151004	0	0.05	13.765995	0.067605436
20151004	0	0.05	15.398618	0.0706563
20151004	0	0.05	15.9526	0.073891103
20151004	0	0.05	13.256721	0.072882593
20151004	0	0.05	14.344571	0.076323211
20151004	0	0.05	15.52949	0.072458029
20151004	0	0.05	15.324362	0.076327801
20151004	0	0.05	12.156284	0.070766211
20151004	0	0.05	13.156418	0.070466042
20151004	0	0.05	13.782022	0.075807095
20151004	0	0.05	14.858658	0.080917239
20151004	0	0.05	11.973289	0.042249799
20151004	0	0.05	16.55924	0.091981411
20151004	0	0.05	14.406004	0.073767245
20151004	0	0.05	16.771208	0.091336548
20151004	0	0.05	14.676765	0.068306923
20151004	0	0.05	14.566033	0.091281235
20151004	0	0.05	12.288749	0.050021589
20151004	0	0.05	13.792698	0.06201297
20151004	0	0.05	11.531826	0.057780802
20151004	0	0.05	12.487758	0.10591733
20151004	0	0.05	13.920166	0.064715624
20151004	0	0.05	12.970511	0.063439727
20151004	0	0.05	14.900699	0.08429265
20151004	0	0.05	12.496594	0.069572091
20151004	0	0.05	11.837295	0.050971508
20151004	0	0.05	12.865116	0.068682671
20151004	0	0.05	14.220908	0.051322103
20151004	0	0.05	14.833874	0.082583785
20151004	0	0.05	15.026113	0.10650051
20151004	0	0.05	13.253945	0.088509142
20151004	0	0.05	14.972142	0.064457834
20151004	0	0.05	15.436805	0.049213409
20151004	0	0.05	11.93327	0.068482161
20151004	0	0.05	15.249743	0.086660326
20151004	0	0.05	15.750646	0.071811199
20151004	0	0.05	12.276765	0.05960238
20151004	0	0.05	12.270769	0.072896063
20151004	0	0.05	13.95185	0.040987134
20151004	0	0.05	14.563507	0.083918035
20151004	0	0.05	14.731818	0.063946366
20151004	0	0.05	14.101381	0.07712549
20151004	0	0.05	13.148024	0.066063821
20151004	0	0.05	14.428974	0.061173856
20151004	0	0.05	15.794971	0.10637921
20151004	0	0.05	12.990355	0.080070615
20151004	0	0.05	12.856533	0.056201637
20151004	0	0.05	12.744422	0.082356215
20151004	0	0.05	15.512895	0.067652225
20151004	0	0.05	14.354828	0.077156901
20151004	0	0.05	14.14307	0.051109672
20151004	0	0.05	13.044064	0.075059652
20151004	0	0.05	14.347136	0.068826437
20151004	0	0.05	14.922907	0.072227657
20151004	0	0.05	14.117029	0.081320584
20151004	0	0.05	12.549484	0.068083107
20151004	0	0.05	15.862386	0.06684655
20151004	0	0.05	13.591139	0.066066444
20151004	0	0.05	12.455303	0.07438761
20151004	0	0.05	13.760648	0.070713699
20151004	0	0.05	14.806562	0.069523633
20151004	0	0.05	14.085715	0.075699806
20151004	0	0.05	13.68557	0.051804781
20151004	0	0.05	14.3497	0.043509662
20151004	0	0.05	15.237673	0.06435138
20151004	0	0.05	13.832659	0.045663238
20151004	0	0.05	15.028562	0.081274092
20151004	0	0.05	12.660414	0.064074159
20151004	0	0.05	13.203878	0.076075077
20151004	0	0.05	15.172333	0.094258606
20151004	0	0.05	12.252764	0.051726043
20151004	0	0.05	14.009753	0.08020854
20151004	0	0.05	14.020255	0.07294488
20151004	0	0.05	13.782022	0.064904034
20151004	0	0.05	14.484969	0.070677698
20151004	0	0.05	15.957213	0.074261248
20151004	0	0.05	13.872503	0.083602726
20151004	0	0.05	11.749933	0.046458364
20151004	0	0.05	13.757974	0.093343496
20151004	0	0.05	12.396076	0.058354974
20151004	0	0.05	12.779022	0.061424136
20151004	0	0.05	14.8165	0.085716903
20151004	0	0.05	14.77422	0.062523544
20151004	0	0.05	15.092088	0.067520618
20151004	0	0.05	14.689296	0.081150949
20151004	0	0.05	13.44688	0.075661004
20151004	0	0.05	12.572919	0.073204339
20151004	0	0.05	13.468755	0.068810761
20151004	0	0.05	13.658655	0.048414707
20151004	0	0.05	13.856579	0.075650752
20151004	0	0.05	13.709746	0.054522753
20151004	0	0.05	13.658655	0.062708557
20151004	0	0.05	14.507814	0.10090399
20151004	0	0.05	14.23384	0.069845915
20151004	0	0.05	14.814015	0.080095649
20151004	0	0.05	16.301693	0.067993283
20151004	0	0.05	13.422231	0.070391297
20151004	0	0.05	12.830748	0.058593571
20151004	0	0.05	14.996698	0.054768443
20151004	0	0.05	13.270593	0.071675718
20151004	0	0.05	15.223178	0.089162171
20151004	0	0.05	13.837977	0.062786996
20151004	0	0.05	14.028127	0.057049274
20151004	0	0.05	15.729606	0.079244137
20151004	0	0.05	15.242502	0.068888903
20151004	0	0.05	14.841313	0.092383862
20151004	0	0.05	13.052524	0.057203054
20151004	0	0.05	11.796814	0.061326087
20151004	0	0.05	11.77496	0.054853201
20151004	0	0.05	14.789156	0.075460792
20151004	0	0.05	13.68557	0.086098492
20151004	0	0.05	13.131221	0.066584468
20151004	0	0.05	14.390671	0.071280003
20151004	0	0.05	14.075262	0.064184368
20151004	0	0.05	13.922809	0.068075955
20151004	0	0.05	14.866086	0.095807552
20151004	0	0.05	14.446815	0.068339646
20151004	0	0.05	15.321959	0.070103467
20151004	0	0.05	14.828912	0.065503359
20151004	0	0.05	13.515119	0.10277009
20151004	0	0.05	12.402012	0.052897155
20151004	0	0.05	14.30347	0.064999282
20151004	0	0.05	14.382998	0.050546288
20151004	0	0.05	13.88841	0.064336061
20151004	0	0.05	12.135077	0.079159319
20151004	0	0.05	15.283486	0.069202185
20151004	0	0.05	16.074387	0.084451914
20151004	0	0.05	13.504224	0.076765418
20151004	0	0.05	13.389293	0.065559983
20151004	0	0.05	11.982505	0.061864614
20151004	0	0.05	12.706832	0.056784034
20151004	0	0.05	11.172026	0.072907448
20151004	0	0.05	14.925373	0.061380744
20151004	0	0.05	14.731818	0.084052563
20151004	0	0.05	16.503593	0.082905531
20151004	0	0.05	13.287219	0.073272705
20151004	0	0.05	12.764617	0.054617703
20151004	0	0.05	12.357426	0.050034165
20151004	0	0.05	14.009753	0.07627666
20151004	0	0.05	13.103169	0.072409093
20151004	0	0.05	14.421322	0.082681656
20151004	0	0.05	14.477346	0.081878304
20151004	0	0.05	14.576135	0.077582836
20151004	0	0.05	11.338757	0.045379579
20151004	0	0.05	12.068183	0.054396451
20151004	0	0.05	16.769012	0.091447532
20151004	0	0.05	12.587543	0.087793887
20151004	0	0.05	12.683644	0.088711143
20151004	0	0.05	12.721303	0.080580056
20151004	0	0.05	14.156074	0.073777318
20151004	0	0.05	14.059567	0.072808623
20151004	0	0.05	12.616742	0.065186083
20151004	0	0.05	14.439172	0.087153614
20151004	0	0.05	12.393107	0.060012758
20151004	0	0.05	14.226083	0.066414177
20151004	0	0.05	13.693633	0.065475583
20151004	0	0.05	12.043765	0.039889812
20151004	0	0.05	11.799933	0.054366767
20151004	0	0.05	12.393107	0.080575824
20151004	0	0.05	12.264771	0.059426844
20151004	0	0.05	14.890818	0.10043931
20151004	0	0.05	12.936422	0.085468233
20151004	0	0.05	17.467615	0.091898084
20151004	0	0.05	13.325933	0.064242423
20151004	0	0.05	13.553182	0.0690943
20151004	0	0.05	15.477274	0.071265578
20151004	0	0.05	15.29552	0.082648039
20151004	0	0.05	14.98688	0.086810887
20151004	0	0.05	12.833615	0.047273457
20151004	0	0.05	15.343559	0.072769284
20151004	0	0.05	15.666316	0.069866955
20151004	0	0.05	13.763322	0.065437496
20151004	0	0.05	11.877636	0.039635599
20151004	0	0.05	13.142426	0.064767241
20151004	0	0.05	14.893289	0.1074751
20151004	0	0.05	12.546552	0.047365129
20151004	0	0.05	11.970215	0.057693541
20151004	0	0.05	11.821741	0.070499241
20151004	0	0.05	14.135263	0.060283184
20151004	0	0.05	12.830748	0.070908308
20151004	0	0.05	13.114397	0.064986169
20151004	0	0.05	13.696321	0.066601098
20151004	0	0.05	12.065133	0.069675326
20151004	0	0.05	15.764656	0.094649673
20151004	0	0.05	11.573233	0.074259043
20151004	0	0.05	12.037653	0.044957876
20151004	0	0.05	16.188438	0.075139821
20151004	0	0.05	12.850807	0.070550561
20151004	0	0.05	12.478914	0.064819813
20151004	0	0.05	15.661618	0.075625181
20151004	0	0.05	14.70682	0.075409055
20151004	0	0.05	11.727991	0.062854111
20151004	0	0.05	13.248392	0.068672836
20151004	0	0.05	13.125615	0.095390797
20151004	0	0.05	12.546552	0.071847379
20151004	0	0.05	12.41091	0.064385593
20151004	0	0.05	13.314884	0.042559385
20151004	0	0.05	13.943936	0.07353735
20151004	0	0.05	16.040012	0.098944187
20151004	0	0.05	15.302735	0.070925832
20151004	0	0.05	13.56675	0.077055275
20151004	0	0.05	14.558453	0.064632535
20151004	0	0.05	17.270594	0.11869949
20151004	0	0.05	15.971043	0.087416589
20151004	0	0.05	15.240088	0.054161966
20151004	0	0.05	12.787658	0.053625166
20151004	0	0.05	17.103601	0.08012104
20151004	0	0.05	15.50815	0.067679048
20151004	0	0.05	14.192417	0.066098392
20151004	0	0.05	16.961014	0.077728033
20151004	0	0.05	13.153621	0.072220147
20151004	0	0.05	15.293114	0.092547476
20151004	0	0.05	13.26782	0.057519495
20151004	0	0.05	13.408516	0.070161521
20151004	0	0.05	8.9234457	0.008949399
20151004	0	0.05	13.405771	0.097917914
20151004	0	0.05	12.437564	0.067516387
20151004	0	0.05	17.710291	0.10349739
20151004	0	0.05	14.220908	0.072638452
20151004	0	0.05	14.423873	0.10108614
20151004	0	0.05	15.731944	0.079745829
20151004	0	0.05	13.052524	0.071548104
20151004	0	0.05	16.663353	0.086710691
20151004	0	0.05	13.980832	0.058708489
20151004	0	0.05	13.328694	0.06454879
20151004	0	0.05	12.15931	0.063015401
20151004	0	0.05	14.23901	0.086234391
20151004	0	0.05	12.138108	0.065011322
20151004	0	0.05	13.580305	0.074276924
20151004	0	0.05	12.407944	0.065873861
20151004	0	0.05	12.531878	0.069179595
20151004	0	0.05	13.688258	0.064379871
20151004	0	0.05	14.99179	0.077090442
20151004	0	0.05	14.426424	0.057667732
20151004	0	0.05	16.308464	0.082470715
20151004	0	0.05	15.293114	0.080681562
20151004	0	0.05	13.731201	0.062453508
20151004	0	0.05	11.338757	0.073442042
20151004	0	0.05	11.649289	0.052818298
20151004	0	0.05	14.035994	0.091935098
20151004	0	0.05	16.863106	0.07505089
20151004	0	0.05	15.143201	0.07270354
20151004	0	0.05	15.7973	0.088711381
20151004	0	0.05	13.134023	0.076178789
20151004	0	0.05	13.701693	0.072181225
20151004	0	0.05	12.431645	0.063153744
20151004	0	0.05	9.0340967	0.0070169568
20151004	0	0.05	14.761761	0.097768128
20151004	0	0.05	13.520563	0.064816415
20151004	0	0.05	12.12901	0.052476764
20151004	0	0.05	14.264828	0.050456762
20151004	0	0.05	14.398339	0.078552544
20151004	0	0.05	12.60799	0.064983666
20151004	0	0.05	16.340021	0.088012099
20151004	0	0.05	12.63423	0.058423221
20151004	0	0.05	14.861135	0.09916997
20151004	0	0.05	13.181565	0.056252956
20151004	0	0.05	14.848749	0.077356398
20151004	0	0.05	13.203878	0.06875807
20151004	0	0.05	13.569462	0.061077416
20151004	0	0.05	10.04838	0.011110127
20151004	0	0.05	13.832659	0.077236235
20151004	0	0.05	15.191722	0.079070389
20151004	0	0.05	11.827965	0.047169924
20151004	0	0.05	12.810657	0.063625216
20151004	0	0.05	12.222695	0.061870217
20151004	0	0.05	12.192554	0.064253628
20151004	0	0.05	15.089649	0.063346267
20151004	0	0.05	14.94262	0.069877565
20151004	0	0.05	12.89654	0.063223422
20151004	0	0.05	15.348354	0.083869398
20151004	0	0.05	12.689445	0.046641707
20151004	0	0.05	12.526005	0.050122678
20151004	0	0.05	19.280029	0.11969382
20151004	0	0.05	12.715516	0.064465761
20151004	0	0.05	16.288145	0.067045152
20151004	0	0.05	14.098772	0.060308397
20151004	0	0.05	13.885759	0.060954571
20151004	0	0.05	14.148273	0.092608988
20151004	0	0.05	12.049874	0.050480783
20151004	0	0.05	13.615483	0.066062093
20151004	0	0.05	13.345248	0.073487043
20151004	0	0.05	14.083103	0.081758678
20151004	0	0.05	13.490593	0.07145828
20151004	0	0.05	13.962396	0.073131502
20151004	0	0.05	13.725841	0.058242798
20151004	0	0.05	15.562628	0.056442976
20151004	0	0.05	14.127452	0.067464948
20151004	0	0.05	13.596553	0.054611683
20151004	0	0.05	14.14307	0.071145713
20151004	0	0.05	13.226153	0.069611013
20151004	0	0.05	14.062184	0.071340203
20151004	0	0.05	15.855426	0.069334984
20151004	0	0.05	14.77422	0.084550679
20151004	0	0.05	13.733881	0.068623543
20151004	0	0.05	14.601357	0.08352834
20151004	0	0.05	14.927838	0.073686361
20151004	0	0.05	13.405771	0.061961412
20151004	0	0.05	12.558277	0.061599016
20151004	0	0.05	12.944953	0.062222958
20151004	0	0.05	14.890818	0.076454759
20151004	0	0.05	13.476949	0.084436536
20151004	0	0.05	12.183496	0.057053924
20151004	0	0.05	15.050582	0.070083439
20151004	0	0.05	14.608915	0.089802444
20151004	0	0.05	12.847943	0.057777405
20151004	0	0.05	13.237277	0.052996874
20151004	0	0.05	12.249761	0.087197363
20151004	0	0.05	12.138108	0.066076458
20151004	0	0.05	13.747271	0.10017025
20151004	0	0.05	12.204619	0.069426358
20151004	0	0.05	12.973348	0.054829299
20151004	0	0.05	13.187147	0.075349987
20151004	0	0.05	12.850807	0.078055382
20151004	0	0.05	13.292757	0.070123971
20151004	0	0.05	15.225595	0.087121308
20151004	0	0.05	14.282874	0.067000926
20151004	0	0.05	13.474218	0.080254316
20151004	0	0.05	13.086308	0.062186539
20151004	0	0.05	15.785649	0.061426938
20151004	0	0.05	11.4582	0.062635243
20151004	0	0.05	14.444267	0.092295885
20151004	0	0.05	12.446437	0.048865259
20151004	0	0.05	12.505424	0.06799525
20151004	0	0.05	12.156284	0.059218884
20151004	0	0.05	15.892514	0.067073345
20151004	0	0.05	13.784693	0.062217712
20151004	0	0.05	12.564136	0.07058531
20151004	0	0.05	13.5396	0.070589423
20151004	0	0.05	12.153256	0.061069548
20151004	0	0.05	14.365078	0.077347457
20151004	0	0.05	14.130055	0.070246696
20151004	0	0.05	12.781901	0.057343662
20151004	0	0.05	12.216673	0.047458112
20151004	0	0.05	16.557018	0.086329579
20151004	0	0.05	13.601964	0.065963149
20151004	0	0.05	13.585723	0.091271162
20151004	0	0.05	16.21796	0.086263776
20151004	0	0.05	18.763531	0.12443763
20151004	0	0.05	14.051714	0.075732291
20151004	0	0.05	12.555346	0.056677222
20151004	0	0.05	12.781901	0.058926523
20151004	0	0.05	13.027126	0.080274761
20151004	0	0.05	13.405771	0.034003317
20151004	0	0.05	14.759268	0.093484402
20151004	0	0.05	12.225706	0.09938705
20151004	0	0.05	15.453482	0.047126055
20151004	0	0.05	13.677501	0.078797936
20151004	0	0.05	12.610909	0.058944106
20151004	0	0.05	11.413152	0.039368749
20151004	0	0.05	13.287219	0.057182908
20151004	0	0.05	11.942517	0.063325405
20151004	0	0.05	12.663321	0.062939525
20151004	0	0.05	12.422763	0.058249354
20151004	0	0.05	13.438669	0.1177035
20151004	0	0.05	14.654183	0.070592999
20151004	0	0.05	13.972934	0.081882417
20151004	0	0.05	11.630322	0.053943217
20151004	0	0.05	13.069427	0.071341932
20151004	0	0.05	13.444144	0.06905961
20151004	0	0.05	12.02848	0.045853496
20151004	0	0.05	14.841313	0.071189404
20151004	0	0.05	13.634388	0.063423812
20151004	0	0.05	13.501498	0.072789907
20151004	0	0.05	12.049874	0.04075247
20151004	0	0.05	14.145672	0.085806787
20151004	0	0.05	15.920275	0.06481874
20151004	0	0.05	13.203878	0.065875947
20151004	0	0.05	14.275143	0.065446198
20151004	0	0.05	15.271443	0.10421574
20151004	0	0.05	14.179448	0.11229563
20151004	0	0.05	14.515422	0.062440336
20151004	0	0.05	12.384196	0.066463888
20151004	0	0.05	13.588431	0.091784418
20151004	0	0.05	13.827337	0.074303865
20151004	0	0.05	14.153474	0.067403793
20151004	0	0.05	13.599258	0.068169236
20151004	0	0.05	13.295525	0.057673097
20151004	0	0.05	15.527121	0.061701238
20151004	0	0.05	14.903168	0.061518133
20151004	0	0.05	13.54775	0.10160542
20151004	0	0.05	11.886927	0.052896619
20151004	0	0.05	13.389293	0.060709536
20151004	0	0.05	13.811361	0.049236834
20151004	0	0.05	14.846271	0.099614739
20151004	0	0.05	15.869344	0.08073926
20151004	0	0.05	12.303711	0.064926982
20151004	0	0.05	12.046821	0.066759884
20151004	0	0.05	11.608154	0.050732553
20151004	0	0.05	12.750196	0.075413883
20151004	0	0.05	14.007127	0.048406839
20151004	0	0.05	16.124668	0.090073526
20151004	0	0.05	12.46121	0.078348279
20151004	0	0.05	17.18516	0.072397709
20151004	0	0.05	11.254065	0.07214886
20151004	0	0.05	14.472262	0.085651875
20151004	0	0.05	16.211153	0.065466881
20151004	0	0.05	13.058161	0.060720742
20151004	0	0.05	14.148273	0.061390817
20151004	0	0.05	12.138108	0.043110847
20151004	0	0.05	14.651672	0.077297866
20151004	0	0.05	12.930733	0.076210916
20151004	0	0.05	13.145225	0.060351253
20151004	0	0.05	11.592294	0.090258896
20151004	0	0.05	12.625489	0.0522452
20151004	0	0.05	14.313756	0.083671212
20151004	0	0.05	14.444267	0.092805147
20151004	0	0.05	15.920275	0.094479918
20151004	0	0.05	15.73896	0.079784632
20151004	0	0.05	15.145631	0.09132719
20151004	0	0.05	15.853105	0.068947315
20151004	0	0.05	15.070128	0.078814089
20151004	0	0.05	13.433191	0.054053903
20151004	0	0.05	14.94262	0.068681955
20151004	0	0.05	16.530329	0.10918218
20151004	0	0.05	14.964767	0.091421187
20151004	0	0.05	15.269034	0.094658911
20151004	0	0.05	12.640053	0.064655662
20151004	0	0.05	15.656919	0.075898051
20151004	0	0.05	12.816401	0.07984966
20151004	0	0.05	14.890818	0.083560348
20151004	0	0.05	14.490049	0.063277006
20151004	0	0.05	14.324035	0.063236058
20151004	0	0.05	15.131047	0.091320634
20151004	0	0.05	14.528091	0.062805057
20151004	0	0.05	19.483171	0.087099016
20151004	0	0.05	15.062801	0.089412928
20151004	0	0.05	12.961998	0.070998609
20151004	0	0.05	14.661715	0.078716993
20151004	0	0.05	15.374703	0.092078865
20151004	0	0.05	13.835319	0.080688119
20151004	0	0.05	11.957912	0.08346343
20151004	0	0.05	13.896356	0.090741932
20151004	0	0.05	16.627983	0.075755715
20151004	0	0.05	14.174257	0.043173254
20151004	0	0.05	14.666733	0.063394427
20151004	0	0.05	12.631316	0.046773732
20151004	0	0.05	13.43593	0.068890512
20151004	0	0.05	12.399044	0.052821994
20151004	0	0.05	14.169064	0.05500555
20151004	0	0.05	13.424972	0.074202299
20151004	0	0.05	14.999151	0.075466454
20151004	0	0.05	13.864543	0.058513403
20151004	0	0.05	14.799105	0.059512615
20151004	0	0.05	10.786609	0.025711775
20151004	0	0.05	15.899459	0.053947568
20151004	0	0.05	14.994245	0.0623402
20151004	0	0.05	13.192726	0.060620248
20151004	0	0.05	13.01865	0.061306655
20151004	0	0.05	13.980832	0.065865636
20151004	0	0.05	14.446815	0.074969351
20151004	0	0.05	11.970215	0.055703998
20151004	0	0.05	13.325933	0.063892424
20151004	0	0.05	12.381225	0.054574907
20151004	0	0.05	15.067686	0.074342489
20151004	0	0.05	20.329773	0.11239064
20151004	0	0.05	13.965031	0.079934835
20151004	0	0.05	11.930186	0.050724089
20151004	0	0.05	12.695244	0.087453365
20151004	0	0.05	15.50815	0.075653017
20151004	0	0.05	13.664042	0.071069479
20151004	0	0.05	15.722587	0.065256357
20151004	0	0.05	11.335511	0.045922756
20151004	0	0.05	15.070128	0.075361907
20151004	0	0.05	15.961824	0.07643801
20151004	0	0.05	15.536597	0.078037798
20151004	0	0.05	12.715516	0.072586834
20151004	0	0.05	15.075011	0.055474341
20151004	0	0.05	14.851227	0.064573526
20151004	0	0.05	12.46121	0.057233989
20151004	0	0.05	12.927887	0.067012966
20151004	0	0.05	12.967674	0.090872228
20151004	0	0.05	14.764254	0.053070307
20151004	0	0.05	13.125615	0.083869219
20151004	0	0.05	14.288026	0.073808312
20151004	0	0.05	13.433191	0.0672701
20151004	0	0.05	14.195009	0.080199242
20151004	0	0.05	12.467114	0.11055416
20151004	0	0.05	12.177454	0.059366703
20151004	0	0.05	10.898601	0.0087506175
20151004	0	0.05	12.859395	0.071295023
20151004	0	0.05	12.14114	0.063660383
20151004	0	0.05	13.356273	0.053242683
20151004	0	0.05	13.512396	0.06253922
20151004	0	0.05	15.252155	0.08673656
20151004	0	0.05	11.10927	0.075630426
20151004	0	0.05	18.981899	0.11136931
20151004	0	0.05	12.706832	0.088656306
20151004	0	0.05	11.525442	0.052359045
20151004	0	0.05	12.956319	0.080532312
20151004	0	0.05	13.097551	0.076545477
20151004	0	0.05	15.892514	0.085914493
20151004	0	0.05	12.422763	0.049616933
20151004	0	0.05	15.075011	0.075229108
20151004	0	0.05	14.007127	0.070559502
20151004	0	0.05	12.816401	0.056309521
20151004	0	0.05	13.68557	0.081319332
20151004	0	0.05	13.509672	0.015392005
20151004	0	0.05	12.575846	0.07024008
20151004	0	0.05	12.793411	0.066851199
20151004	0	0.05	13.298292	0.058948219
20151004	0	0.05	16.790941	0.083352923
20151004	0	0.05	13.523284	0.082785189
20151004	0	0.05	15.961824	0.077117264
20151004	0	0.05	12.407944	0.057783961
20151004	0	0.05	12.086463	0.066697955
20151004	0	0.05	15.922585	0.078139067
20151004	0	0.05	11.687133	0.076112628
20151004	0	0.05	13.523284	0.062568903
20151004	0	0.05	15.114015	0.074531198
20151004	0	0.05	14.915508	0.095986784
20151004	0	0.05	12.381225	0.062168181
20151004	0	0.05	15.623981	0.062235057
20151004	0	0.05	14.434073	0.093199849
20151004	0	0.05	13.891058	0.076764166
20151004	0	0.05	12.907948	0.0727337
20151004	0	0.05	13.049705	0.052306592
20151004	0	0.05	10.793429	0.055218041
20151004	0	0.05	16.755842	0.1115678
20151004	0	0.05	15.169908	0.053816497
20151004	0	0.05	12.836483	0.059150755
20151004	0	0.05	12.306702	0.061460376
20151004	0	0.05	13.845953	0.068135262
20151004	0	0.05	13.634388	0.049665987
20151004	0	0.05	13.806031	0.068556309
20151004	0	0.05	13.292757	0.072034895
20151004	0	0.05	11.554139	0.052742541
20151004	0	0.05	15.668665	0.058414698
20151004	0	0.05	14.207965	0.069757044
20151004	0	0.05	13.394788	0.0644539
20151004	0	0.05	12.75885	0.066234231
20151004	0	0.05	13.427712	0.086317599
20151004	0	0.05	13.07787	0.059302986
20151004	0	0.05	14.871036	0.10836565
20151004	0	0.05	12.21366	0.061588943
20151004	0	0.05	16.247429	0.095427275
20151004	0	0.05	12.876552	0.080198407
20151004	0	0.05	15.586254	0.094683588
20151004	0	0.05	15.104273	0.080091834
20151004	0	0.05	15.52238	0.069062352
20151004	0	0.05	10.586904	0.015650213
20151004	0	0.05	11.954835	0.07260716
20151004	0	0.05	13.744594	0.098194718
20151004	0	0.05	12.747309	0.064391673
20151004	0	0.05	13.405771	0.066741288
20151004	0	0.05	15.479651	0.091247499
20151004	0	0.05	13.055343	0.056911707
20151004	0	0.05	13.880459	0.055610538
20151004	0	0.05	13.620888	0.052902341
20151004	0	0.05	13.73656	0.084751308
20151004	0	0.05	15.070128	0.1113233
20151004	0	0.05	18.361118	0.10395467
20151004	0	0.05	14.145672	0.074648619
20151004	0	0.05	12.520128	0.068349004
20151004	0	0.05	14.103991	0.072630405
20151004	0	0.05	14.56856	0.074224472
20151004	0	0.05	12.787658	0.067559898
20151004	0	0.05	12.640053	0.049764633
20151004	0	0.05	15.004057	0.083219528
20151004	0	0.05	12.703936	0.071524918
20151004	0	0.05	13.601964	0.057361424
20151004	0	0.05	14.262248	0.062422514
20151004	0	0.05	14.925373	0.072324753
20151004	0	0.05	12.249761	0.065802395
20151004	0	0.05	14.236425	0.064104497
20151004	0	0.05	14.293176	0.087584019
20151004	0	0.05	14.679273	0.077674806
20151004	0	0.05	11.693428	0.045848906
20151004	0	0.05	15.548434	0.074515164
20151004	0	0.05	14.223495	0.06689924
20151004	0	0.05	14.588751	0.062267244
20151004	0	0.05	12.651691	0.052770972
20151004	0	0.05	14.930303	0.091705084
20151004	0	0.05	14.101381	0.080202341
20151004	0	0.05	12.692345	0.0831092
20151004	0	0.05	15.600412	0.056593239
20151004	0	0.05	12.552416	0.051961184
20151004	0	0.05	12.249761	0.050208092
20151004	0	0.05	15.302735	0.075680792
20151004	0	0.05	10.731889	0.051950574
20151004	0	0.05	14.616469	0.078360379
20151004	0	0.05	12.399044	0.090503633
20151004	0	0.05	12.378252	0.055239201
20151004	0	0.05	11.939436	0.044403553
20151004	0	0.05	12.321642	0.048675776
20151004	0	0.05	13.273366	0.065433741
20151004	0	0.05	14.385555	0.082708955
20151004	0	0.05	13.131221	0.11247337
20151004	0	0.05	15.096963	0.08552283
20151004	0	0.05	14.228669	0.052197158
20151004	0	0.05	13.142426	0.07509023
20151004	0	0.05	13.829998	0.064080298
20151004	0	0.05	13.479679	0.065073133
20151004	0	0.05	16.05377	0.069598734
20151004	0	0.05	16.46788	0.096790791
20151004	0	0.05	13.893707	0.068026543
20151004	0	0.05	16.299437	0.086697876
20151004	0	0.05	14.137866	0.061944604
20151004	0	0.05	11.790574	0.071476638
20151004	0	0.05	14.611434	0.083439827
20151004	0	0.05	15.026113	0.016565502
20151004	0	0.05	15.659268	0.10052544
20151004	0	0.05	15.321959	0.071315229
20151004	0	0.05	12.996018	0.07829386
20151004	0	0.05	11.951756	0.063015699
20151004	0	0.05	15.266624	0.088991046
20151004	0	0.05	11.973289	0.035403013
20151004	0	0.05	15.11158	0.06949693
20151004	0	0.05	12.862256	0.070972085
20151004	0	0.05	14.57361	0.062517941
20151004	0	0.05	13.620888	0.05662632
20151004	0	0.05	13.808697	0.072184265
20151004	0	0.05	15.808943	0.064688861
20151004	0	0.05	11.544581	0.07136637
20151004	0	0.05	14.898229	0.091781914
20151004	0	0.05	12.990355	0.07639122
20151004	0	0.05	13.364535	0.068233728
20151004	0	0.05	13.672119	0.057385445
20151004	0	0.05	13.348005	0.07782346
20151004	0	0.05	15.73896	0.064953923
20151004	0	0.05	13.080684	0.076504469
20151004	0	0.05	13.455088	0.082090974
20151004	0	0.05	13.749948	0.070926785
20151004	0	0.05	15.252155	0.071899831
20151004	0	0.05	13.175981	0.0549227
20151004	0	0.05	12.569992	0.061074555
20151004	0	0.05	14.885875	0.075214207
20151004	0	0.05	12.558277	0.067001462
20151004	0	0.05	14.354828	0.07114023
20151004	0	0.05	13.159214	0.079682112
20151004	0	0.05	13.904297	0.088415384
20151004	0	0.05	16.463411	0.096888423
20151004	0	0.05	14.500204	0.07659626
20151004	0	0.05	12.552416	0.058588386
20151004	0	0.05	16.081253	0.074520171
20151004	0	0.05	14.244177	0.067358971
20151004	0	0.05	12.767499	0.046825409
20151004	0	0.05	15.557898	0.075924277
20151004	0	0.05	17.397961	0.077365994
20151004	0	0.05	12.135077	0.054940164
20151004	0	0.05	12.85367	0.042715311
20151004	0	0.05	13.097551	0.054562151
20151004	0	0.05	14.318896	0.071647108
20151004	0	0.05	12.207634	0.044660568
20151004	0	0.05	14.776711	0.05932641
20151004	0	0.05	12.174432	0.066970587
20151004	0	0.05	13.983463	0.082251132
20151004	0	0.05	12.162336	0.056620061
20151004	0	0.05	14.111815	0.071310699
20151004	0	0.05	14.749292	0.017017305
20151004	0	0.05	14.318896	0.069526672
20151004	0	0.05	13.100361	0.078535616
20151004	0	0.05	14.205375	0.077641129
20151004	0	0.05	12.944953	0.064142525
20151004	0	0.05	12.947795	0.075512111
20151004	0	0.05	13.114397	0.075253904
20151004	0	0.05	15.050582	0.067007542
20151004	0	0.05	12.85367	0.037634671
20151004	0	0.05	13.8007	0.062497854
20151004	0	0.05	14.900699	0.07392031
20151004	0	0.05	14.967226	0.071156621
20151004	0	0.05	11.652448	0.042188942
20151004	0	0.05	18.810537	0.097492397
20151004	0	0.05	13.588431	0.066025496
20151004	0	0.05	13.265046	0.075379431
20151004	0	0.05	11.329017	0.047507048
20151004	0	0.05	12.511309	0.066181719
20151004	0	0.05	15.555532	0.082942665
20151004	0	0.05	12.715516	0.050392747
20151004	0	0.05	19.260935	0.093679905
20151004	0	0.05	15.237673	0.075521827
20151004	0	0.05	12.318655	0.059451997
20151004	0	0.05	16.672182	0.10116762
20151004	0	0.05	11.985576	0.054606318
20151004	0	0.05	13.496047	0.077545941
20151004	0	0.05	12.648783	0.078798294
20151004	0	0.05	12.913647	0.081665993
20151004	0	0.05	12.219685	0.054073095
20151004	0	0.05	15.871662	0.07689172
20151004	0	0.05	12.882266	0.071263254
20151004	0	0.05	14.841313	0.072528839
20151004	0	0.05	12.080373	0.059267581
20151004	0	0.05	12.156284	0.05305618
20151004	0	0.05	12.779022	0.066294312
20151004	0	0.05	14.106599	0.062910199
20151004	0	0.05	13.690946	0.065795302
20151004	0	0.05	11.102643	0.080691516
20151004	0	0.05	12.779022	0.083949268
20151004	0	0.05	16.396223	0.084693491
20151004	0	0.05	14.117029	0.0718472
20151004	0	0.05	13.967666	0.071304262
20151004	0	0.05	14.502741	0.087249517
20151004	0	0.05	12.156284	0.012677968
20151004	0	0.05	11.865239	0.047966242
20151004	0	0.05	15.179606	0.083375931
20151004	0	0.05	11.859035	0.060143709
20151004	0	0.05	13.394788	0.068783998
20151004	0	0.05	12.210648	0.05288142
20151004	0	0.05	13.378295	0.0694924
20151004	0	0.05	15.252155	0.080080569
20151004	0	0.05	12.354448	0.057071984
20151004	0	0.05	13.444144	0.070871353
20151004	0	0.05	12.15931	0.081560075
20151004	0	0.05	16.836899	0.11884499
20151004	0	0.05	14.085715	0.061693609
20151004	0	0.05	15.864706	0.076132596
20151004	0	0.05	12.567064	0.037926137
20151004	0	0.05	13.885759	0.073907793
20151004	0	0.05	17.478146	0.018393695
20151004	0	0.05	13.167601	0.057005644
20151004	0	0.05	12.735757	0.047835052
20151004	0	0.05	13.463289	0.064605474
20151004	0	0.05	14.979513	0.065225959
20151004	0	0.05	14.533155	0.090178609
20151004	0	0.05	13.814025	0.076720178
20151004	0	0.05	14.626536	0.036337852
20151004	0	0.05	13.170395	0.055618763
20151004	0	0.05	13.466022	0.065880895
20151004	0	0.05	13.44688	0.04784292
20151004	0	0.05	14.915508	0.077955008
20151004	0	0.05	13.943936	0.075287104
20151004	0	0.05	11.348488	0.054976404
20151004	0	0.05	12.590466	0.054092169
20151004	0	0.05	11.50627	0.041879177
20151004	0	0.05	12.481863	0.065805078
20151004	0	0.05	15.307544	0.085531175
20151004	0	0.05	13.479679	0.055419743
20151004	0	0.05	15.082332	0.073607683
20151004	0	0.05	14.77422	0.073720515
20151004	0	0.05	12.755965	0.056111097
20151004	0	0.05	14.761761	0.065422595
20151004	0	0.05	13.980832	0.065253258
20151004	0	0.05	12.321642	0.067800939
20151004	0	0.05	11.614492	0.061334789
20151004	0	0.05	13.209451	0.052294612
20151004	0	0.05	11.954835	0.048368335
20151004	0	0.05	12.086463	0.067900538
20151004	0	0.05	15.531859	0.086134911
20151004	0	0.05	12.207634	0.067238271
20151004	0	0.05	15.099401	0.067113101
20151004	0	0.05	12.384196	0.080731034
20151004	0	0.05	18.200089	0.094293654
20151004	0	0.05	12.055981	0.066690087
20151004	0	0.05	12.747309	0.063315928
20151004	0	0.05	12.003982	0.060930312
20151004	0	0.05	13.024302	0.075028718
20151004	0	0.05	13.021476	0.066836834
20151004	0	0.05	14.331739	0.063018143
20151004	0	0.05	13.303825	0.088253796
20151004	0	0.05	13.111591	0.055782318
20151004	0	0.05	16.483515	0.073991239
20151004	0	0.05	15.264214	0.081818998
20151004	0	0.05	13.709746	0.070993483
20151004	0	0.05	12.936422	0.062360048
20151004	0	0.05	17.693663	0.097635806
20151004	0	0.05	12.899393	0.052152276
20151004	0	0.05	15.656919	0.075088441
20151004	0	0.05	12.887978	0.084392071
20151004	0	0.05	13.26782	0.075864196
20151004	0	0.05	13.348005	0.04963553
20151004	0	0.05	15.899459	0.07872051
20151004	0	0.05	17.008675	0.077251911
20151004	0	0.05	13.046885	0.069789529
20151004	0	0.05	14.959848	0.075629234
20151004	0	0.05	12.122942	0.060937762
20151004	0	0.05	13.837977	0.059786439
20151004	0	0.05	14.02288	0.070789695
20151004	0	0.05	11.435699	0.059290051
20151004	0	0.05	15.362732	0.096458614
20151004	0	0.05	15.062801	0.072206974
20151004	0	0.05	12.572919	0.07919234
20151004	0	0.05	13.184357	0.069375455
20151004	0	0.05	14.846271	0.073282063
20151004	0	0.05	15.07257	0.074525058
20151004	0	0.05	11.293232	0.050238311
20151004	0	0.05	14.421322	0.090223908
20151004	0	0.05	12.767499	0.049759626
20151004	0	0.05	12.953479	0.076337457
20151004	0	0.05	12.99885	0.050512075
20151004	0	0.05	13.276137	0.061607659
20151004	0	0.05	14.3497	0.073470235
20151004	0	0.05	14.02288	0.081127346
20151004	0	0.05	12.689445	0.069035649
20151004	0	0.05	13.490593	0.068079293
20151004	0	0.05	12.959159	0.067681253
20151004	0	0.05	15.427267	0.066924155
20151004	0	0.05	12.446437	0.03240937
20151004	0	0.05	12.339547	0.071726024
20151004	0	0.05	12.546552	0.096790433
20151004	0	0.05	16.634621	0.078851104
20151004	0	0.05	14.636596	0.076148093
20151004	0	0.05	14.890818	0.064722896
20151004	0	0.05	14.29575	0.083810449
20151004	0	0.05	14.380439	0.088035822
20151004	0	0.05	12.727086	0.069545865
20151004	0	0.05	13.086308	0.076320231
20151004	0	0.05	15.938754	0.074050844
20151004	0	0.05	12.431645	0.049733937
20151004	0	0.05	12.587543	0.063432574
20151004	0	0.05	14.282874	0.046027899
20151004	0	0.05	12.605071	0.071735263
20151004	0	0.05	12.984688	0.067451477
20151004	0	0.05	12.080373	0.052654326
20151004	0	0.05	13.555897	0.067148507
20151004	0	0.05	14.298324	0.10874707
20151004	0	0.05	13.032775	0.064783752
20151004	0	0.05	11.57959	0.056586921
20151004	0	0.05	12.761734	0.071648955
20151004	0	0.05	12.470065	0.083929241
20151004	0	0.05	18.161634	0.12484539
20151004	0	0.05	14.64916	0.071893811
20151004	0	0.05	14.744302	0.084047914
20151004	0	0.05	14.588751	0.059824049
20151004	0	0.05	12.34849	0.084593654
20151004	0	0.05	14.78169	0.074120402
20151004	0	0.05	12.750196	0.056939304
20151004	0	0.05	15.755317	0.11273432
20151004	0	0.05	21.639635	0.17710274
20151004	0	0.05	11.899302	0.028949678
20151004	0	0.05	15.764656	0.078518867
20151004	0	0.05	13.999244	0.074576735
20151004	0	0.05	13.959761	0.074428737
20151004	0	0.05	14.001872	0.057369769
20151004	0	0.05	14.038615	0.077972114
20151004	0	0.05	13.655961	0.10056144
20151004	0	0.05	11.837295	0.059137404
20151004	0	0.05	14.646648	0.063320816
20151004	0	0.05	12.63423	0.062008619
20151004	0	0.05	13.422231	0.039162338
20151004	0	0.05	13.845953	0.071051836
20151004	0	0.05	11.702865	0.058460534
20151004	0	0.05	14.629052	0.075579464
20151004	0	0.05	15.813597	0.085113525
20151004	0	0.05	14.629052	0.078024268
20151004	0	0.05	13.100361	0.050749063
20151004	0	0.05	12.686545	0.057592571
20151004	0	0.05	15.708538	0.066163898
20151004	0	0.05	12.75885	0.056355059
20151004	0	0.05	15.631045	0.084297717
20151004	0	0.05	14.99179	0.072723746
20151004	0	0.05	14.067417	0.063151717
20151004	0	0.05	13.43593	0.062649786
20151004	0	0.05	12.499538	0.069238305
20151004	0	0.05	16.179344	0.067297518
20151004	0	0.05	13.661349	0.059793174
20151004	0	0.05	12.967674	0.079032779
20151004	0	0.05	13.091931	0.050525546
20151004	0	0.05	13.526005	0.075390279
20151004	0	0.05	13.403027	0.065959752
20151004	0	0.05	16.258749	0.10704851
20151004	0	0.05	13.471487	0.058351099
20151004	0	0.05	17.217247	0.077319145
20151004	0	0.05	12.490704	0.056891024
20151004	0	0.05	13.306591	0.062738776
20151004	0	0.05	12.651691	0.063296199
20151004	0	0.05	12.663321	0.082893729
20151004	0	0.05	13.688258	0.059745431
20151004	0	0.05	11.973289	0.11258709
20151004	0	0.05	17.970175	0.085486829
20151004	0	0.05	11.582767	0.059799314
20151004	0	0.05	12.318655	0.070997
20151004	0	0.05	12.037653	0.053711474
20151004	0	0.05	20.957207	0.08501333
20151004	0	0.05	12.715516	0.055071235
20151004	0	0.05	13.896356	0.05919832
20151004	0	0.05	14.699312	0.084062159
20151004	0	0.05	15.88325	0.080119312
20151004	0	0.05	11.908576	0.026757836
20151004	0	0.05	14.088327	0.067765176
20151004	0	0.05	14.459543	0.10069603
20151004	0	0.05	12.605071	0.05858314
20151004	0	0.05	15.307544	0.11969346
20151004	0	0.05	15.092088	0.072765529
20151004	0	0.05	14.999151	0.06543541
20151004	0	0.05	14.40345	0.078445256
20151004	0	0.05	12.312679	0.058094084
20151004	0	0.05	11.702865	0.05581075
20151004	0	0.05	12.779022	0.069714308
20151004	0	0.05	11.601812	0.05427295
20151004	0	0.05	14.515422	0.068529665
20151004	0	0.05	12.63423	0.072529793
20151004	0	0.05	13.479679	0.050889611
20151004	0	0.05	14.479888	0.074332178
20151004	0	0.05	14.431524	0.072200894
20151004	0	0.05	13.983463	0.066747963
20151004	0	0.05	16.046892	0.050194204
20151004	0	0.05	11.942517	0.055665493
20151004	0	0.05	11.658762	0.058350623
20151004	0	0.05	13.21502	0.06856215
20151004	0	0.05	11.914754	0.06621325
20151004	0	0.05	14.269986	0.083151221
20151004	0	0.05	14.769238	0.069679618
20151004	0	0.05	13.108785	0.072913706
20151004	0	0.05	13.111591	0.05559212
20151004	0	0.05	14.070033	0.066772819
20151004	0	0.05	13.690946	0.075370789
20151004	0	0.05	14.641623	0.067837119
20151004	0	0.05	12.372306	0.060360491
20151004	0	0.05	12.970511	0.079388797
20151004	0	0.05	13.038421	0.057373047
20151004	0	0.05	12.610909	0.035648882
20151004	0	0.05	12.354448	0.053341806
20151004	0	0.05	14.059567	0.07669723
20151004	0	0.05	15.626336	0.073576629
20151004	0	0.05	13.861889	0.059327841
20151004	0	0.05	13.201092	0.065974295
20151004	0	0.05	13.558611	0.06251955
20151004	0	0.05	15.857746	0.063817382
20151004	0	0.05	13.170395	0.061053455
20151004	0	0.05	12.059032	0.072440028
20151004	0	0.05	17.387383	0.098440051
20151004	0	0.05	12.913647	0.058486938
20151004	0	0.05	12.959159	0.064838707
20151004	0	0.05	12.549484	0.061055839
20151004	0	0.05	15.038352	0.075183392
20151004	0	0.05	13.298292	0.057816327
20151004	0	0.05	14.046476	0.063009143
20151004	0	0.05	14.30347	0.057955086
20151004	0	0.05	13.248392	0.035214305
20151004	0	0.05	17.071299	0.015793622
20151004	0	0.05	15.266624	0.062733352
20151004	0	0.05	13.506948	0.041742384
20151004	0	0.05	14.856181	0.082034886
20151004	0	0.05	13.650571	0.08397162
20151004	0	0.05	15.106709	0.061273396
20151004	0	0.05	14.153474	0.072656989
20151004	0	0.05	13.501498	0.096500337
20151004	0	0.05	12.939266	0.076904655
20151004	0	0.05	13.189938	0.093770325
20151004	0	0.05	12.110794	0.03243643
20151004	0	0.05	16.382751	0.11501837
20151004	0	0.05	13.37004	0.07706207
20151004	0	0.05	16.297178	0.089574695
20151004	0	0.05	15.71088	0.087735236
20151004	0	0.05	13.861889	0.086572111
20151004	0	0.05	14.917974	0.076583207
20151004	0	0.05	11.883831	0.04982841
20151004	0	0.05	13.728521	0.066833198
20151004	0	0.05	13.038421	0.087258458
20151004	0	0.05	12.71841	0.059467494
20151004	0	0.05	12.15931	0.068284512
20151004	0	0.05	12.660414	0.069267333
20151004	0	0.05	16.142914	0.08808583
20151004	0	0.05	12.75308	0.06168443
20151004	0	0.05	13.361781	0.065159559
20151004	0	0.05	11.827965	0.073729932
20151004	0	0.05	21.154682	0.085006356
20151004	0	0.05	12.446437	0.091650844
20151004	0	0.05	12.387168	0.090783536
20151004	0	0.05	14.280297	0.079827309
20151004	0	0.05	12.847943	0.079931319
20151004	0	0.05	14.823948	0.069982111
20151004	0	0.05	14.277719	0.096532524
20151004	0	0.05	15.169908	0.070728242
20151004	0	0.05	14.474804	0.082864344
20151004	0	0.05	14.124846	0.072801948
20151004	0	0.05	13.620888	0.061250448
20151004	0	0.05	15.829877	0.10109913
20151004	0	0.05	14.689296	0.077208579
20151004	0	0.05	15.038352	0.094104528
20151004	0	0.05	12.724195	0.080496192
20151004	0	0.05	12.30969	0.059713781
20151004	0	0.05	14.474804	0.072123826
20151004	0	0.05	14.676765	0.062451899
20151004	0	0.05	11.538205	0.054476678
20151004	0	0.05	12.252764	0.045694888
20151004	0	0.05	13.024302	0.11098194
20151004	0	0.05	11.709151	0.021957099
20151004	0	0.05	13.449617	0.081698358
20151004	0	0.05	15.271443	0.06738162
20151004	0	0.05	14.952468	0.074862957
20151004	0	0.05	14.382998	0.062981009
20151004	0	0.05	12.526005	0.041000783
20151004	0	0.05	15.876299	0.070103526
20151004	0	0.05	16.402954	0.10011673
20151004	0	0.05	14.223495	0.078995109
20151004	0	0.05	15.182031	0.11228222
20151004	0	0.05	12.520128	0.055846572
20151004	0	0.05	14.694304	0.093183219
20151004	0	0.05	12.034595	0.052962303
20151004	0	0.05	13.707063	0.067938983
20151004	0	0.05	14.789156	0.074655414
20151004	0	0.05	13.899003	0.079219043
20151004	0	0.05	9.4287138	0.029298902
20151004	0	0.05	13.303825	0.0516361
20151004	0	0.05	13.550467	0.075891137
20151004	0	0.05	11.976361	0.083416343
20151004	0	0.05	12.339547	0.071688116
20151004	0	0.05	15.567355	0.061377704
20151004	0	0.05	15.701509	0.061822057
20151004	0	0.05	13.739239	0.084932745
20151004	0	0.05	16.887091	0.092775166
20151004	0	0.05	14.969685	0.076561272
20151004	0	0.05	11.939436	0.061630189
20151004	0	0.05	13.083497	0.080204725
20151004	0	0.05	13.523284	0.087958574
20151004	0	0.05	12.578771	0.062908351
20151004	0	0.05	14.821465	0.097088873
20151004	0	0.05	16.400711	0.08931911
20151004	0	0.05	13.237277	0.064886391
20151004	0	0.05	21.99048	0.12916571
20151004	0	0.05	15.498656	0.07400167
20151004	0	0.05	14.300897	0.083599448
20151004	0	0.05	11.740535	0.059273422
20151004	0	0.05	12.291742	0.052088201
20151004	0	0.05	13.980832	0.083066046
20151004	0	0.05	15.736622	0.064402521
20151004	0	0.05	14.454453	0.084682703
20151004	0	0.05	12.470065	0.047435403
20151004	0	0.05	14.915508	0.074773192
20151004	0	0.05	14.272565	0.06731087
20151004	0	0.05	14.979513	0.091119587
20151004	0	0.05	15.353148	0.062255323
20151004	0	0.05	13.231716	0.073679268
20151004	0	0.05	14.474804	0.06052202
20151004	0	0.05	14.548339	0.062891304
20151004	0	0.05	15.541333	0.092130125
20151004	0	0.05	13.79003	0.041885018
20151004	0	0.05	12.944953	0.058616221
20151004	0	0.05	13.925451	0.080164254
20151004	0	0.05	17.406418	0.084154844
20151004	0	0.05	14.169064	0.07092917
20151004	0	0.05	13.07787	0.071643472
20151004	0	0.05	13.811361	0.061237693
20151004	0	0.05	13.128419	0.051973701
20151004	0	0.05	13.189938	0.075368524
20151004	0	0.05	15.138341	0.087632
20151004	0	0.05	12.99885	0.064896047
20151004	0	0.05	13.909589	0.060549676
20151004	0	0.05	14.3497	0.065662563
20151004	0	0.05	14.490049	0.063380718
20151004	0	0.05	14.09094	0.082395554
20151004	0	0.05	13.072242	0.08536309
20151004	0	0.05	12.135077	0.061718702
20151004	0	0.05	12.981854	0.060892165
20151004	0	0.05	16.474583	0.094450235
20151004	0	0.05	13.615483	0.065700054
20151004	0	0.05	15.196566	0.081685305
20151004	0	0.05	12.02236	0.066957474
20151004	0	0.05	14.613952	0.076627791
20151004	0	0.05	15.208668	0.08684051
20151004	0	0.05	13.56675	0.070230305
20151004	0	0.05	13.212235	0.077899456
20151004	0	0.05	13.289989	0.091197431
20151004	0	0.05	12.189535	0.055539072
20151004	0	0.05	11.991714	0.04858458
20151004	0	0.05	12.531878	0.076367795
20151004	0	0.05	14.334307	0.07084018
20151004	0	0.05	14.406004	0.056240022
20151004	0	0.05	16.608055	0.10247886
20151004	0	0.05	13.906943	0.074243844
20151004	0	0.05	11.911665	0.049638569
20151004	0	0.05	12.186516	0.047282636
20151004	0	0.05	13.725841	0.06432265
20151004	0	0.05	13.148024	0.040741146
20151004	0	0.05	12.767499	0.082428932
20151004	0	0.05	15.1893	0.087540865
20151004	0	0.05	13.455088	0.081716418
20151004	0	0.05	12.225706	0.05689013
20151004	0	0.05	13.31212	0.061989546
20151004	0	0.05	15.057915	0.075387955
20151004	0	0.05	14.158672	0.069470227
20151004	0	0.05	17.353489	0.090226173
20151004	0	0.05	13.768667	0.063674271
20151004	0	0.05	14.122241	0.088918447
20151004	0	0.05	15.336363	0.083429515
20151004	0	0.05	12.761734	0.056063414
20151004	0	0.05	12.013174	0.070876718
20151004	0	0.05	12.1472	0.063398838
20151004	0	0.05	12.907948	0.076903701
20151004	0	0.05	15.203828	0.052044868
20151004	0	0.05	17.953785	0.083461106
20151004	0	0.05	13.052524	0.059384525
20151004	0	0.05	11.531826	0.086796641
20151004	0	0.05	13.328694	0.064897954
20151004	0	0.05	12.790535	0.057870865
20151004	0	0.05	13.350761	0.038938344
20151004	0	0.05	15.11158	0.095416963
20151004	0	0.05	11.595468	0.030772209
20151004	0	0.05	14.915508	0.070687354
20151004	0	0.05	18.898359	0.085602701
20151004	0	0.05	13.038421	0.067312777
20151004	0	0.05	14.098772	0.074820101
20151004	0	0.05	15.338762	0.089857757
20151004	0	0.05	12.34551	0.054243565
20151004	0	0.05	15.24733	0.097172558
20151004	0	0.05	14.215733	0.087122977
20151004	0	0.05	15.950294	0.10086328
20151004	0	0.05	12.732867	0.078639269
20151004	0	0.05	14.784179	0.089233637
20151004	0	0.05	16.581446	0.076143384
20151004	0	0.05	13.353518	0.073687255
20151004	0	0.05	13.832659	0.061435878
20151004	0	0.05	14.786668	0.067360699
20151004	0	0.05	16.333263	0.067055523
20151004	0	0.05	15.264214	0.067122936
20151004	0	0.05	11.592294	0.055740595
20151004	0	0.05	11.592294	0.042355478
20151004	0	0.05	14.3497	0.063886225
20151004	0	0.05	12.291742	0.052667737
20151004	0	0.05	12.059032	0.07323128
20151004	0	0.05	12.94211	0.080180943
20151004	0	0.05	15.493907	0.063819885
20151004	0	0.05	12.712623	0.048750401
20151004	0	0.05	13.226153	0.065842748
20151004	0	0.05	13.131221	0.068102598
20151004	0	0.05	12.089507	0.067989469
20151004	0	0.05	12.819271	0.052994251
20151004	0	0.05	15.890199	0.076968551
20151004	0	0.05	15.27867	0.05795294
20151004	0	0.05	12.776142	0.052052557
20151004	0	0.05	12.706832	0.046991944
20151004	0	0.05	12.528942	0.067747533
20151004	0	0.05	12.666225	0.059819281
20151004	0	0.05	15.436805	0.054550469
20151004	0	0.05	13.086308	0.07196933
20151004	0	0.05	13.134023	0.064278066
20151004	0	0.05	13.228935	0.053335488
20151004	0	0.05	12.642963	0.046596467
20151004	0	0.05	12.781901	0.049137056
20151004	0	0.05	15.790311	0.081449509
20151004	0	0.05	12.672034	0.079073191
20151004	0	0.05	14.709322	0.059819639
20151004	0	0.05	14.789156	0.054642677
20151004	0	0.05	15.035905	0.075841606
20151004	0	0.05	11.429261	0.057899535
20151004	0	0.05	15.307544	0.087021768
20151004	0	0.05	18.607962	0.08634907
20151004	0	0.05	14.336873	0.064727068
20151004	0	0.05	13.798034	0.075269639
20151004	0	0.05	14.117029	0.069934368
20151004	0	0.05	15.191722	0.098392069
20151004	0	0.05	12.452348	0.065471232
20151004	0	0.05	12.689445	0.06996876
20151004	0	0.05	14.439172	0.079930544
20151004	0	0.05	15.244916	0.090908468
20151004	0	0.05	14.37532	0.072802067
20151004	0	0.05	13.861889	0.07410723
20151004	0	0.05	12.552416	0.060557604
20151004	0	0.05	12.434605	0.077397406
20151004	0	0.05	16.021648	0.075715125
20151004	0	0.05	13.909589	0.068522811
20151004	0	0.05	12.845079	0.055720985
20151004	0	0.05	12.599232	0.030565858
20151004	0	0.05	11.970215	0.067884505
20151004	0	0.05	12.738646	0.042465806
20151004	0	0.05	15.053027	0.085223973
20151004	0	0.05	14.210555	0.063390911
20151004	0	0.05	12.470065	0.066673458
20151004	0	0.05	15.362732	0.076434672
20151004	0	0.05	13.835319	0.06171447
20151004	0	0.05	12.255767	0.053418159
20151004	0	0.05	13.623589	0.071923912
20151004	0	0.05	11.168731	0.049531221
20151004	0	0.05	11.908576	0.0610075
20151004	0	0.05	13.9703	0.095220923
20151004	0	0.05	13.375544	0.064680636
20151004	0	0.05	13.07787	0.081783891
20151004	0	0.05	16.081253	0.01305449
20151004	0	0.05	11.893116	0.06662339
20151004	0	0.05	14.408558	0.071791291
20151004	0	0.05	14.858658	0.079073727
20151004	0	0.05	15.752981	0.0834108
20151004	0	0.05	12.089507	0.057317436
20151004	0	0.05	13.306591	0.054449379
20151004	0	0.05	11.902394	0.078395903
20151004	0	0.05	14.779201	0.074497402
20151004	0	0.05	13.975567	0.070568383
20151004	0	0.05	16.572567	0.090887129
20151004	0	0.05	13.666735	0.072452426
20151004	0	0.05	17.094992	0.075912952
20151004	0	0.05	13.922809	0.07804513
20151004	0	0.05	18.871082	0.095178306
20151004	0	0.05	16.267799	0.074979544
20151004	0	0.05	14.077876	0.052691698
20151004	0	0.05	15.101836	0.1128642
20151004	0	0.05	14.377879	0.103127
20151004	0	0.05	11.351729	0.04859823
20151004	0	0.05	12.876552	0.055063367
20151004	0	0.05	15.668665	0.089745522
20151004	0	0.05	13.192726	0.074805558
20151004	0	0.05	12.303711	0.057382882
20151004	0	0.05	16.288145	0.10368562
20151004	0	0.05	16.565905	0.093632162
20151004	0	0.05	15.731944	0.040781379
20151004	0	0.05	13.604669	0.075442791
20151004	0	0.05	16.017056	0.080051482
20151004	0	0.05	12.887978	0.054695725
20151004	0	0.05	12.602152	0.061701953
20151004	0	0.05	13.829998	0.058199346
20151004	0	0.05	14.043857	0.072371304
20151004	0	0.05	11.148946	0.076193988
20151004	0	0.05	14.030749	0.084231675
20151004	0	0.05	14.436623	0.071809709
20151004	0	0.05	14.431524	0.07366991
20151004	0	0.05	13.904297	0.059332132
20151004	0	0.05	14.200193	0.071865082
20151004	0	0.05	15.126183	0.1011169
20151004	0	0.05	12.297729	0.0093356967
20151004	0	0.05	13.201092	0.074668765
20151004	0	0.05	12.399044	0.060022593
20151004	0	0.05	13.528725	0.066713989
20151004	0	0.05	13.867197	0.076666534
20151004	0	0.05	12.781901	0.065635562
20151004	0	0.05	13.058161	0.10278434
20151004	0	0.05	13.946574	0.09705162
20151004	0	0.05	13.618186	0.06516856
20151004	0	0.05	12.993187	0.070704341
20151004	0	0.05	12.92504	0.076573193
20151004	0	0.05	12.981854	0.06662184
20151004	0	0.05	13.845953	0.059610844
20151004	0	0.05	13.792698	0.070895672
20151004	0	0.05	15.281078	0.081172705
20151004	0	0.05	13.637086	0.10815716
20151004	0	0.05	12.449393	0.060337424
20151004	0	0.05	10.952488	0.045486033
20151004	0	0.05	12.78478	0.061175883
20151004	0	0.05	13.506948	0.060672343
20151004	0	0.05	12.738646	0.057901323
20151004	0	0.05	14.571085	0.060127974
20151004	0	0.05	14.636596	0.071282625
20151004	0	0.05	12.648783	0.060974061
20151004	0	0.05	13.763322	0.072459638
20151004	0	0.05	15.794971	0.069598675
20151004	0	0.05	17.518101	0.081285298
20151004	0	0.05	15.393838	0.07872951
20151004	0	0.05	12.847943	0.072970927
20151004	0	0.05	14.3702	0.060315073
20151004	0	0.05	12.428685	0.034619808
20151004	0	0.05	13.058161	0.068369746
20151004	0	0.05	13.949213	0.058039367
20151004	0	0.05	13.68288	0.052619815
20151004	0	0.05	14.530623	0.095244288
20151004	0	0.05	12.122942	0.058020294
20151004	0	0.05	16.499134	0.078365088
20151004	0	0.05	12.827879	0.036912799
20151004	0	0.05	14.103991	0.082031906
20151004	0	0.05	14.311185	0.082585573
20151004	0	0.05	12.273767	0.055068314
20151004	0	0.05	14.051714	0.076914012
20151004	0	0.05	11.693428	0.068320215
20151004	0	0.05	14.075262	0.07010895
20151004	0	0.05	13.303825	0.064734876
20151004	0	0.05	12.859395	0.046410024
20151004	0	0.05	15.998666	0.098382235
20151004	0	0.05	14.441719	0.078773737
20151004	0	0.05	14.831393	0.053883851
20151004	0	0.05	12.434605	0.055143952
20151004	0	0.05	13.131221	0.061623275
20151004	0	0.05	14.30347	0.080262542
20151004	0	0.05	14.210555	0.059334934
20151004	0	0.05	12.333582	0.050978363
20151004	0	0.05	14.085715	0.089639962
20151004	0	0.05	12.907948	0.053305566
20151004	0	0.05	12.873693	0.065252721
20151004	0	0.05	13.558611	0.063655913
20151004	0	0.05	13.574884	0.056043208
20151004	0	0.05	13.891058	0.061796427
20151004	0	0.05	15.486781	0.080203772
20151004	0	0.05	13.779352	0.065470636
20151004	0	0.05	11.970215	0.04061836
20151004	0	0.05	15.24733	0.070904374
20151004	0	0.05	14.666733	0.091102302
20151004	0	0.05	12.419801	0.079634368
20151004	0	0.05	14.23901	0.077421963
20151004	0	0.05	12.543618	0.071210682
20151004	0	0.05	16.247429	0.070182085
20151004	0	0.05	13.591139	0.060597897
20151004	0	0.05	13.479679	0.066148102
20151004	0	0.05	14.259668	0.11072636
20151004	0	0.05	14.321465	0.084012628
20151004	0	0.05	13.782022	0.099504888
20151004	0	0.05	15.512895	0.083017468
20151004	0	0.05	19.285753	0.1167264
20151004	0	0.05	15.384274	0.070248365
20151004	0	0.05	18.027416	0.10945994
20151004	0	0.05	13.303825	0.067085385
20151004	0	0.05	13.476949	0.057822227
20151004	0	0.05	13.386544	0.085583329
20151004	0	0.05	15.201407	0.096801579
20151004	0	0.05	13.650571	0.083783865
20151004	0	0.05	13.49332	0.040876865
20151004	0	0.05	14.779201	0.096171856
20151004	0	0.05	12.249761	0.046709657
20151004	0	0.05	13.060977	0.053725839
20151004	0	0.05	13.851267	0.074336648
20151004	0	0.05	11.917842	0.052668035
20151004	0	0.05	14.29575	0.084775329
20151004	0	0.05	13.553182	0.09695977
20151004	0	0.05	12.312679	0.027591228
20151004	0	0.05	12.645874	0.044144452
20151004	0	0.05	13.367288	0.093765736
20151004	0	0.05	13.424972	0.071448505
20151004	0	0.05	13.763322	0.068026304
20151004	0	0.05	13.153621	0.055420697
20151004	0	0.05	14.29575	0.059184134
20151004	0	0.05	12.770381	0.071629703
20151004	0	0.05	13.744594	0.068015993
20151004	0	0.05	13.946574	0.081085384
20151004	0	0.05	14.064801	0.048821986
20151004	0	0.05	13.774012	0.075887144
20151004	0	0.05	13.883109	0.058818579
20151004	0	0.05	14.357391	0.051469684
20151004	0	0.05	14.288026	0.070770085
20151004	0	0.05	14.153474	0.06290257
20151004	0	0.05	12.467114	0.055702209
20151004	0	0.05	11.96714	0.062467277
20151004	0	0.05	11.886927	0.057820976
20151004	0	0.05	14.009753	0.075998902
20151004	0	0.05	14.083103	0.069351017
20151004	0	0.05	11.042826	0.035479546
20151004	0	0.05	14.015005	0.070670784
20151004	0	0.05	13.550467	0.077494681
20151004	0	0.05	15.701509	0.0664621
20151004	0	0.05	12.104716	0.079806983
20151004	0	0.05	14.321465	0.085414886
20151004	0	0.05	14.202785	0.074329078
20151004	0	0.05	17.336517	0.019017756
20151004	0	0.05	13.851267	0.091706038
20151004	0	0.05	11.874538	0.0093593001
20151004	0	0.05	9.3266935	0.048484564
20151004	0	0.05	13.739239	0.075325787
20151004	0	0.05	13.520563	0.065699458
20151004	0	0.05	14.462089	0.063442826
20151004	0	0.05	12.776142	0.069590628
20151004	0	0.05	15.29552	0.084794641
20151004	0	0.05	12.052928	0.048568726
20151004	0	0.05	13.824676	0.081631362
20151004	0	0.05	14.553397	0.086437523
20151004	0	0.05	14.326603	0.059771299
20151004	0	0.05	13.309356	0.063541234
20151004	0	0.05	13.814025	0.072830379
20151004	0	0.05	14.37532	0.065750957
20151004	0	0.05	13.134023	0.068661809
20151004	0	0.05	13.348005	0.069482028
20151004	0	0.05	12.92504	0.065652847
20151004	0	0.05	13.5396	0.074916005
20151004	0	0.05	16.570347	0.065438151
20151004	0	0.05	12.802037	0.059907377
20151004	0	0.05	12.150229	0.050208211
20151004	0	0.05	12.706832	0.047852993
20151004	0	0.05	14.917974	0.099397004
20151004	0	0.05	12.336565	0.05966109
20151004	0	0.05	12.94211	0.078457475
20151004	0	0.05	15.621626	0.081363082
20151004	0	0.05	15.004057	0.091111064
20151004	0	0.05	12.836483	0.052449226
20151004	0	0.05	13.170395	0.065589011
20151004	0	0.05	12.729978	0.067406833
20151004	0	0.05	12.17141	0.059553921
20151004	0	0.05	14.316326	0.058818638
20151004	0	0.05	15.331564	0.079091728
20151004	0	0.05	14.836354	0.060177982
20151004	0	0.05	13.397534	0.063664258
20151004	0	0.05	12.622574	0.0620296
20151004	0	0.05	10.621603	0.057362974
20151004	0	0.05	12.520128	0.068584025
20151004	0	0.05	13.642482	0.059790015
20151004	0	0.05	13.314884	0.07478261
20151004	0	0.05	15.574445	0.069461703
20151004	0	0.05	13.046885	0.067874491
20151004	0	0.05	11.93327	0.046534598
20151004	0	0.05	15.160201	0.073353887
20151004	0	0.05	13.90165	0.06708926
20151004	0	0.05	14.197602	0.071261942
20151004	0	0.05	12.959159	0.058542311
20151004	0	0.05	12.735757	0.055242598
20151004	0	0.05	12.575846	0.05789721
20151004	0	0.05	12.520128	0.061157167
20151004	0	0.05	13.829998	0.066473603
20151004	0	0.05	17.114355	0.088591754
20151004	0	0.05	11.329017	0.071939945
20151004	0	0.05	13.607373	0.068576634
20151004	0	0.05	12.372306	0.060279071
20151004	0	0.05	12.750196	0.051667571
20151004	0	0.05	13.430452	0.066954613
20151004	0	0.05	12.291742	0.055560708
20151004	0	0.05	18.576296	0.08669728
20151004	0	0.05	16.204342	0.073304355
20151004	0	0.05	14.056951	0.05891341
20151004	0	0.05	13.906943	0.063119054
20151004	0	0.05	11.821741	0.057935357
20151004	0	0.05	15.237673	0.073546171
20151004	0	0.05	13.28445	0.056157768
20151004	0	0.05	11.454988	0.063569903
20151004	0	0.05	14.156074	0.089076519
20151004	0	0.05	14.431524	0.094761312
20151004	0	0.05	12.490704	0.067713439
20151004	0	0.05	15.37231	0.08996433
20151004	0	0.05	13.885759	0.053117275
20151004	0	0.05	14.01238	0.070602
20151004	0	0.05	14.608915	0.056205332
20151004	0	0.05	13.471487	0.043740332
20151004	0	0.05	16.213423	0.07384634
20151004	0	0.05	13.44688	0.051160097
20151004	0	0.05	12.502481	0.043580413
20151004	0	0.05	14.189824	0.055623531
20151004	0	0.05	14.257088	0.068996787
20151004	0	0.05	15.731944	0.087548137
20151004	0	0.05	14.398339	0.072936654
20151004	0	0.05	14.390671	0.080207467
20151004	0	0.05	12.862256	0.060264468
20151004	0	0.05	14.756775	0.063132584
20151004	0	0.05	15.783319	0.066779673
20151004	0	0.05	13.010168	0.073391736
20151004	0	0.05	15.276262	0.10458302
20151004	0	0.05	13.487865	0.060915172
20151004	0	0.05	13.658655	0.068644643
20151004	0	0.05	15.203828	0.073131442
20151004	0	0.05	11.957912	0.055234492
20151004	0	0.05	14.29575	0.075966954
20151004	0	0.05	13.585723	0.048734009
20151004	0	0.05	13.943936	0.074685752
20151004	0	0.05	12.973348	0.072649896
20151004	0	0.05	13.328694	0.079499543
20151004	0	0.05	13.930736	0.075723052
20151004	0	0.05	12.732867	0.046491683
20151004	0	0.05	11.727991	0.058571875
20151004	0	0.05	12.729978	0.046079934
20151004	0	0.05	14.726822	0.079458535
20151004	0	0.05	13.928094	0.056366801
20151004	0	0.05	16.290403	0.090693712
20151004	0	0.05	15.813597	0.081400573
20151004	0	0.05	13.816689	0.05893141
20151004	0	0.05	13.957124	0.062005877
20151004	0	0.05	14.308614	0.060545087
20151004	0	0.05	12.807784	0.050561547
20151004	0	0.05	13.776682	0.087818801
20151004	0	0.05	14.028127	0.075521708
20151004	0	0.05	15.276262	0.068209231
20151004	0	0.05	13.010168	0.082115531
20151004	0	0.05	14.814015	0.083825529
20151004	0	0.05	14.769238	0.08409977
20151004	0	0.05	11.702865	0.066635966
20151004	0	0.05	12.132044	0.095670044
20151004	0	0.05	12.677841	0.046652913
20151004	0	0.05	14.085715	0.10761607
20151004	0	0.05	17.44232	0.10012597
20151004	0	0.05	14.841313	0.11006796
20151004	0	0.05	14.507814	0.077195346
20151004	0	0.05	15.30514	0.059592783
20151004	0	0.05	13.658655	0.058388472
20151004	0	0.05	14.111815	0.081017971
20151004	0	0.05	13.309356	0.066358507
20151004	0	0.05	13.466022	0.072073638
20151004	0	0.05	11.765581	0.051005721
20151004	0	0.05	11.601812	0.050087929
20151004	0	0.05	14.809047	0.082204461
20151004	0	0.05	15.045691	0.075437963
20151004	0	0.05	14.759268	0.077005327
20151004	0	0.05	13.717796	0.058548331
20151004	0	0.05	13.896356	0.067017555
20151004	0	0.05	12.324629	0.045615077
20151004	0	0.05	15.536597	0.068379402
20151004	0	0.05	19.626183	0.098650217
20151004	0	0.05	13.642482	0.085369647
20151004	0	0.05	12.82501	0.053885639
20151004	0	0.05	13.28168	0.057334721
20151004	0	0.05	11.244252	0.055800557
20151004	0	0.05	13.167601	0.066755235
20151004	0	0.05	12.53775	0.086730599
20151004	0	0.05	14.786668	0.07376653
20151004	0	0.05	16.331011	0.09080106
20151004	0	0.05	16.17252	0.087198555
20151004	0	0.05	13.936017	0.075668037
20151004	0	0.05	15.757652	0.086421311
20151004	0	0.05	13.666735	0.064043105
20151004	0	0.05	14.801591	0.076679647
20151004	0	0.05	14.398339	0.074437082
20151004	0	0.05	12.080373	0.058426678
20151004	0	0.05	16.145193	0.071212411
20151004	0	0.05	12.796288	0.080155849
20151004	0	0.05	13.672119	0.05603075
20151004	0	0.05	15.862386	0.070457041
20151004	0	0.05	16.747055	0.058726013
20151004	0	0.05	13.504224	0.047505677
20151004	0	0.05	11.759324	0.056339741
20151004	0	0.05	12.993187	0.071734548
20151004	0	0.05	12.590466	0.060193062
20151004	0	0.05	14.09094	0.070945024
20151004	0	0.05	15.281078	0.090690017
20151004	0	0.05	12.953479	0.05551666
20151004	0	0.05	13.696321	0.056130469
20151004	0	0.05	15.947986	0.075284123
20151004	0	0.05	13.920166	0.071066201
20151004	0	0.05	14.228669	0.075174153
20151004	0	0.05	12.273767	0.052257359
20151004	0	0.05	13.774012	0.059756815
20151004	0	0.05	15.228011	0.10500199
20151004	0	0.05	11.960989	0.052477658
20151004	0	0.05	12.07428	0.066125691
20151004	0	0.05	8.997365	0.03159374
20151004	0	0.05	9.3739176	0.017691791
20151004	0	0.05	15.581532	0.069143057
20151004	0	0.05	15.668665	0.092527449
20151004	0	0.05	16.40744	0.099515975
20151004	0	0.05	14.601357	0.07671839
20151004	0	0.05	13.359027	0.086863637
20151004	0	0.05	12.243751	0.057252467
20151004	0	0.05	12.944953	0.072640777
20151004	0	0.05	14.54328	0.045333862
20151004	0	0.05	11.862137	0.07969135
20151004	0	0.05	14.441719	0.067905903
20151004	0	0.05	14.041236	0.076037884
20151004	0	0.05	14.510351	0.080389559
20151004	0	0.05	12.282759	0.055399358
20151004	0	0.05	11.23443	0.0088506937
20151004	0	0.05	16.612486	0.07689172
20151004	0	0.05	16.026241	0.064815223
20151004	0	0.05	13.520563	0.068434894
20151004	0	0.05	16.117821	0.086428106
20151004	0	0.05	12.680743	0.066025317
20151004	0	0.05	15.126183	0.073401153
20151004	0	0.05	13.784693	0.082211077
20151004	0	0.05	13.433191	0.078232229
20151004	0	0.05	12.404978	0.05493927
20151004	0	0.05	12.981854	0.062987089
20151004	0	0.05	15.628691	0.069965422
20151004	0	0.05	14.533155	0.077963829
20151004	0	0.05	13.364535	0.078417063
20151004	0	0.05	14.490049	0.06942904
20151004	0	0.05	12.990355	0.068704724
20151004	0	0.05	12.016237	0.069119453
20151004	0	0.05	14.103991	0.014291584
20151004	0	0.05	17.762157	0.11061841
20151004	0	0.05	14.308614	0.075413287
20151004	0	0.05	12.246756	0.047234297
20151004	0	0.05	13.883109	0.079488754
20151004	0	0.05	12.619658	0.074737251
20151004	0	0.05	15.377096	0.070839942
20151004	0	0.05	15.128614	0.066789031
20151004	0	0.05	14.994245	0.073136926
20151004	0	0.05	14.512886	0.089064837
20151004	0	0.05	15.398618	0.072152257
20151004	0	0.05	15.302735	0.078633845
20151004	0	0.05	11.573233	0.057492197
20151004	0	0.05	11.693428	0.022285581
20151004	0	0.05	12.956319	0.10133684
20151004	0	0.05	13.664042	0.079586565
20151004	0	0.05	15.429652	0.079341412
20151004	0	0.05	12.847943	0.050155401
20151004	0	0.05	14.145672	0.083455503
20151004	0	0.05	13.938657	0.092083037
20151004	0	0.05	12.324629	0.050512314
20151004	0	0.05	14.533155	0.069711864
20151004	0	0.05	14.262248	0.051100671
20151004	0	0.05	12.36338	0.05087173
20151004	0	0.05	13.049705	0.063920796
20151004	0	0.05	12.967674	0.059446931
20151004	0	0.05	14.56098	0.070992947
20151004	0	0.05	14.24676	0.073941886
20151004	0	0.05	14.500204	0.060530901
20151004	0	0.05	15.50815	0.060111165
20151004	0	0.05	12.961998	0.065499067
20151004	0	0.05	14.122241	0.072787106
20151004	0	0.05	12.174432	0.068135381
20151004	0	0.05	13.845953	0.073426306
20151004	0	0.05	13.00168	0.048935711
20151004	0	0.05	16.05377	0.05924654
20151004	0	0.05	12.372306	0.054323316
20151004	0	0.05	14.046476	0.059738874
20151004	0	0.05	15.612201	0.1048094
20151004	0	0.05	12.228715	0.046429813
20151004	0	0.05	12.473016	0.049846172
20151004	0	0.05	12.201604	0.061380744
20151004	0	0.05	15.25698	0.08236587
20151004	0	0.05	13.114397	0.058018684
20151004	0	0.05	12.729978	0.063358665
20151004	0	0.05	14.166467	0.065402806
20151004	0	0.05	14.062184	0.068056822
20151004	0	0.05	14.681779	0.070770741
20151004	0	0.05	12.44348	0.059979439
20151004	0	0.05	14.472262	0.063079298
20151004	0	0.05	15.167481	0.061706066
20151004	0	0.05	14.336873	0.070685089
20151004	0	0.05	13.623589	0.059052944
20151004	0	0.05	14.207965	0.069855392
20151004	0	0.05	15.065244	0.069811583
20151004	0	0.05	12.321642	0.040410936
20151004	0	0.05	12.077327	0.05497396
20151004	0	0.05	13.231716	0.060016692
20151004	0	0.05	19.63743	0.088656783
20151004	0	0.05	10.600797	0.043638587
20151004	0	0.05	14.098772	0.073677599
20151004	0	0.05	12.246756	0.091257632
20151004	0	0.05	12.810657	0.10533804
20151004	0	0.05	12.431645	0.051785529
20151004	0	0.05	17.624899	0.12551278
20151004	0	0.05	14.334307	0.060975134
20151004	0	0.05	14.174257	0.084057868
20151004	0	0.05	12.712623	0.065547824
20151004	0	0.05	12.71841	0.045695841
20151004	0	0.05	13.690946	0.077723145
20151004	0	0.05	12.496594	0.058924794
20151004	0	0.05	14.184638	0.069131494
20151004	0	0.05	16.195257	0.064924121
20151004	0	0.05	12.781901	0.076320767
20151004	0	0.05	12.6546	0.058660269
20151004	0	0.05	13.460556	0.073075294
20151004	0	0.05	13.68557	0.087340951
20151004	0	0.05	12.351469	0.046075761
20151004	0	0.05	12.776142	0.039031863
20151004	0	0.05	12.372306	0.093846977
20151004	0	0.05	16.163416	0.059742928
20151004	0	0.05	11.762453	0.061931908
20151004	0	0.05	13.623589	0.061110079
20151004	0	0.05	14.981969	0.071964264
20151004	0	0.05	12.26777	0.049102426
20151004	0	0.05	12.770381	0.08205986
20151004	0	0.05	13.278909	0.067222178
20151004	0	0.05	15.206248	0.090377986
20151004	0	0.05	13.231716	0.073490143
20151004	0	0.05	11.93327	0.073347151
20151004	0	0.05	13.975567	0.086629868
20151004	0	0.05	15.177182	0.076417148
20151004	0	0.05	16.346775	0.05629921
20151004	0	0.05	13.784693	0.089811325
20151004	0	0.05	13.628989	0.079354942
20151004	0	0.05	11.435699	0.062712669
20151004	0	0.05	13.501498	0.058171093
20151004	0	0.05	14.321465	0.065054953
20151004	0	0.05	12.02848	0.091912627
20151004	0	0.05	14.272565	0.082059383
20151004	0	0.05	13.650571	0.066500485
20151004	0	0.05	12.590466	0.069209158
20151004	0	0.05	13.760648	0.090385139
20151004	0	0.05	14.744302	0.062844336
20151004	0	0.05	13.386544	0.078730226
20151004	0	0.05	12.508367	0.052523673
20151004	0	0.05	12.613826	0.088770032
20151004	0	0.05	15.77399	0.10350835
20151004	0	0.05	15.706195	0.095856428
20151004	0	0.05	12.490704	0.06206125
20151004	0	0.05	12.499538	0.072464406
20151004	0	0.05	9.3306389	0.019109249
20151004	0	0.05	15.266624	0.076336026
20151004	0	0.05	14.591273	0.085767686
20151004	0	0.05	13.580305	0.071661055
20151004	0	0.05	12.14114	0.053735912
20151004	0	0.05	11.849722	0.082544684
20151004	0	0.05	13.452353	0.066201806
20151004	0	0.05	13.965031	0.052900791
20151004	0	0.05	12.956319	0.04047519
20151004	0	0.05	14.398339	0.06498909
20151004	0	0.05	11.905485	0.040508449
20151004	0	0.05	13.861889	0.097030997
20151004	0	0.05	12.475965	0.072243094
20151004	0	0.05	14.962308	0.06986171
20151004	0	0.05	12.738646	0.061662078
20151004	0	0.05	11.964066	0.059733391
20151004	0	0.05	11.614492	0.059612811
20151004	0	0.05	14.766746	0.068416536
20151004	0	0.05	12.264771	0.064419627
20151004	0	0.05	15.89483	0.085318446
20151004	0	0.05	14.684285	0.12189597
20151004	0	0.05	12.156284	0.078698158
20151004	0	0.05	12.077327	0.051726401
20151004	0	0.05	11.914754	0.046144009
20151004	0	0.05	13.334215	0.063875318
20151004	0	0.05	13.16201	0.060401797
20151004	0	0.05	12.153256	0.052891374
20151004	0	0.05	12.572919	0.065214097
20151004	0	0.05	14.37532	0.084241092
20151004	0	0.05	12.508367	0.038109899
20151004	0	0.05	15.503404	0.083768308
20151004	0	0.05	14.8165	0.067017198
20151004	0	0.05	12.672034	0.053364873
20151004	0	0.05	16.863106	0.083227336
20151004	0	0.05	12.252764	0.054457068
20151004	0	0.05	15.548434	0.083081126
20151004	0	0.05	14.696809	0.07555604
20151004	0	0.05	15.14806	0.072291315
20151004	0	0.05	12.41091	0.053827584
20151004	0	0.05	14.137866	0.067599177
20151004	0	0.05	15.659268	0.089416623
20151004	0	0.05	16.213423	0.090871394
20151004	0	0.05	13.364535	0.067073286
20151004	0	0.05	12.243751	0.050476253
20151004	0	0.05	12.034595	0.080370605
20151004	0	0.05	13.156418	0.087192893
20151004	0	0.05	13.95185	0.078707278
20151004	0	0.05	11.939436	0.041627884
20151004	0	0.05	14.377879	0.06627661
20151004	0	0.05	12.610909	0.045830309
20151004	0	0.05	15.901773	0.088412344
20151004	0	0.05	15.099401	0.078231514
20151004	0	0.05	13.44688	0.049570918
20151004	0	0.05	15.869344	0.070159733
20151004	0	0.05	14.41877	0.056380808
20151004	0	0.05	12.528942	0.056308627
20151004	0	0.05	14.015005	0.099671006
20151004	0	0.05	12.255767	0.059720576
20151004	0	0.05	12.761734	0.063565969
20151004	0	0.05	14.766746	0.091820896
20151004	0	0.05	13.408516	0.074153602
20151004	0	0.05	15.857746	0.093914211
20151004	0	0.05	16.224766	0.086279809
20151004	0	0.05	13.097551	0.064024329
20151004	0	0.05	14.135263	0.074776649
20151004	0	0.05	11.852827	0.057067573
20151004	0	0.05	14.927838	0.06628114
20151004	0	0.05	11.585943	0.050962329
20151004	0	0.05	15.583893	0.084599674
20151004	0	0.05	16.258749	0.097227097
20151004	0	0.05	12.34849	0.059744895
20151004	0	0.05	14.930303	0.059270501
20151004	0	0.05	12.508367	0.025310814
20151004	0	0.05	14.6918	0.10443443
20151004	0	0.05	13.248392	0.054821253
20151004	0	0.05	11.393791	0.078035414
20151004	0	0.05	14.275143	0.062701583
20151004	0	0.05	12.511309	0.078058243
20151004	0	0.05	13.824676	0.06727469
20151004	0	0.05	13.479679	0.077091336
20151004	0	0.05	14.007127	0.069970965
20151004	0	0.05	13.768667	0.066430926
20151004	0	0.05	13.779352	0.066322863
20151004	0	0.05	13.498773	0.078324199
20151004	0	0.05	12.156284	0.057440877
20151004	0	0.05	13.859234	0.056675136
20151004	0	0.05	12.237739	0.05113852
20151004	0	0.05	13.476949	0.099084795
20151004	0	0.05	11.77496	0.042869806
20151004	0	0.05	12.822141	0.06457299
20151004	0	0.05	13.201092	0.064817488
20151004	0	0.05	13.84861	0.068839192
20151004	0	0.05	13.094742	0.065642118
20151004	0	0.05	13.666735	0.066246986
20151004	0	0.05	14.563507	0.066819191
20151004	0	0.05	15.567355	0.073724389
20151004	0	0.05	13.749948	0.093347013
20151004	0	0.05	14.711823	0.069671929
20151004	0	0.05	14.78169	0.069081724
20151004	0	0.05	13.438669	0.072622538
20151004	0	0.05	14.257088	0.061169147
20151004	0	0.05	14.598837	0.084085941
20151004	0	0.05	13.301059	0.070087194
20151004	0	0.05	13.95185	0.05948323
20151004	0	0.05	12.807784	0.033310652
20151004	0	0.05	14.316326	0.074808955
20151004	0	0.05	13.26782	0.097517908
20151004	0	0.05	12.294736	0.063878894
20151004	0	0.05	12.17141	0.075247645
20151004	0	0.05	12.294736	0.055459142
20151004	0	0.05	12.407944	0.057356179
20151004	0	0.05	11.661918	0.068070114
20151004	0	0.05	14.202785	0.067128539
20151004	0	0.05	12.558277	0.0451985
20151004	0	0.05	14.726822	0.067587197
20151004	0	0.05	14.3702	0.089440584
20151004	0	0.05	13.837977	0.066842079
20151004	0	0.05	12.540685	0.074553549
20151004	0	0.05	12.793411	0.10247231
20151004	0	0.05	11.547769	0.073000491
20151004	0	0.05	14.940158	0.070235074
20151004	0	0.05	11.93327	0.053197086
20151004	0	0.05	15.81127	0.084099293
20151004	0	0.05	13.245614	0.050451159
20151004	0	0.05	12.216673	0.042772949
20151004	0	0.05	13.265046	0.072380126
20151004	0	0.05	14.106599	0.056989193
20151004	0	0.05	15.162628	0.076398313
20151004	0	0.05	14.721824	0.074694097
20151004	0	0.05	12.660414	0.051558256
20151004	0	0.05	15.353148	0.061960816
20151004	0	0.05	13.097551	0.078711271
20151004	0	0.05	13.631689	0.081768095
20151004	0	0.05	14.182043	0.065469861
20151004	0	0.05	12.976184	0.058880329
20151004	0	0.05	18.335047	0.10646498
20151004	0	0.05	11.809284	0.092131257
20151004	0	0.05	14.200193	0.1049279
20151004	0	0.05	12.291742	0.050767958
20151004	0	0.05	11.997849	0.072161615
20151004	0	0.05	13.626289	0.063872337
20151004	0	0.05	12.207634	0.053246021
20151004	0	0.05	16.971859	0.076514602
20151004	0	0.05	13.331455	0.053486943
20151004	0	0.05	14.020255	0.060700715
20151004	0	0.05	15.555532	0.07711482
20151004	0	0.05	13.545034	0.064638495
20151004	0	0.05	12.523067	0.073369086
20151004	0	0.05	14.421322	0.075397611
20151004	0	0.05	14.525558	0.087095141
20151004	0	0.05	13.306591	0.072286308
20151004	0	0.05	14.439172	0.068950117
20151004	0	0.05	15.285894	0.056686759
20151004	0	0.05	11.77496	0.063480377
20151004	0	0.05	13.145225	0.062594891
20151004	0	0.05	11.371162	0.058607996
20151004	0	0.05	12.63423	0.084929883
20151004	0	0.05	14.09094	0.072440326
20151004	0	0.05	13.372792	0.078075349
20151004	0	0.05	15.441571	0.07185632
20151004	0	0.05	14.586228	0.11323249
20151004	0	0.05	12.1472	0.064630866
20151004	0	0.05	11.550954	0.045445442
20151004	0	0.05	17.877792	0.057395816
20151004	0	0.05	12.819271	0.068187058
20151004	0	0.05	14.578659	0.050866187
20151004	0	0.05	13.01865	0.046209276
20151004	0	0.05	14.336873	0.080949366
20151004	0	0.05	13.397534	0.061398268
20151004	0	0.05	13.449617	0.0454849
20151004	0	0.05	14.616469	0.074900806
20151004	0	0.05	13.136825	0.061942995
20151004	0	0.05	14.964767	0.071297824
20151004	0	0.05	14.515422	0.086722374
20151004	0	0.05	13.938657	0.08117491
20151004	0	0.05	13.67481	0.08465445
20151004	0	0.05	13.626289	0.078573465
20151004	0	0.05	12.816401	0.063968778
20151004	0	0.05	14.439172	0.065720499
20151004	0	0.05	12.162336	0.060773671
20151004	0	0.05	13.835319	0.066819847
20151004	0	0.05	14.8165	0.066223979
20151004	0	0.05	13.309356	0.073346555
20151004	0	0.05	12.735757	0.053704023
20151004	0	0.05	11.749933	0.043029368
20151004	0	0.05	13.245614	0.077920616
20151004	0	0.05	12.53775	0.087092876
20151004	0	0.05	13.760648	0.067585289
20151004	0	0.05	13.601964	0.061241865
20151004	0	0.05	13.647875	0.076498926
20151004	0	0.05	13.066611	0.054568887
20151004	0	0.05	11.671379	0.061608016
20151004	0	0.05	14.030749	0.093976676
20151004	0	0.05	14.326603	0.071962714
20151004	0	0.05	12.813529	0.065123022
20151004	0	0.05	12.528942	0.0571298
20151004	0	0.05	13.591139	0.065629661
20151004	0	0.05	14.492589	0.086079955
20151004	0	0.05	12.850807	0.055847526
20151004	0	0.05	13.545034	0.053730607
20151004	0	0.05	15.203828	0.054645121
20151004	0	0.05	11.771834	0.056341588
20151004	0	0.05	11.954835	0.0098660588
20151004	0	0.05	12.569992	0.073320508
20151004	0	0.05	14.109207	0.085726082
20151004	0	0.05	14.796618	0.073328733
20151004	0	0.05	17.795273	0.11148435
20151004	0	0.05	17.060518	0.099667013
20151004	0	0.05	15.264214	0.069059074
20151004	0	0.05	12.071232	0.079596758
20151004	0	0.05	14.3702	0.086766124
20151004	0	0.05	15.055471	0.077413619
20151004	0	0.05	12.222695	0.05990386
20151004	0	0.05	14.913041	0.068473518
20151004	0	0.05	13.792698	0.0679757
20151004	0	0.05	16.360275	0.096725106
20151004	0	0.05	15.271443	0.097308815
20151004	0	0.05	12.75885	0.071061671
20151004	0	0.05	14.974599	0.075167537
20151004	0	0.05	14.866086	0.070144534
20151004	0	0.05	14.421322	0.069459856
20151004	0	0.05	12.862256	0.063581169
20151004	0	0.05	13.843295	0.075532258
20151004	0	0.05	11.86834	0.068434834
20151004	0	0.05	13.181565	0.075736105
20151004	0	0.05	16.267799	0.064754009
20151004	0	0.05	13.231716	0.072647512
20151004	0	0.05	15.201407	0.079834342
20151004	0	0.05	12.288749	0.057481468
20151004	0	0.05	14.634082	0.075033963
20151004	0	0.05	14.431524	0.091534376
20151004	0	0.05	12.916496	0.063249111
20151004	0	0.05	15.50815	0.096577764
20151004	0	0.05	11.871439	0.085104764
20151004	0	0.05	11.886927	0.059987128
20151004	0	0.05	13.709746	0.079930544
20151004	0	0.05	14.836354	0.072799325
20151004	0	0.05	14.077876	0.057107747
20151004	0	0.05	12.264771	0.052184939
20151004	0	0.05	13.476949	0.055534422
20151004	0	0.05	13.336974	0.059693217
20151004	0	0.05	12.552416	0.06676805
20151004	0	0.05	12.452348	0.065370858
20151004	0	0.05	15.493907	0.083807409
20151004	0	0.05	14.86361	0.077928722
20151004	0	0.05	13.248392	0.046002388
20151004	0	0.05	13.21502	0.091484427
20151004	0	0.05	14.636596	0.065677583
20151004	0	0.05	13.577595	0.049815238
20151004	0	0.05	12.000916	0.088142812
20151004	0	0.05	13.416746	0.073233724
20151004	0	0.05	13.367288	0.09588182
20151004	0	0.05	15.191722	0.085255921
20151004	0	0.05	14.578659	0.098542213
20151004	0	0.05	13.276137	0.081923544
20151004	0	0.05	14.202785	0.070241809
20151004	0	0.05	13.534163	0.051525772
20151004	0	0.05	13.962396	0.073000014
20151004	0	0.05	11.655605	0.066353619
20151004	0	0.05	12.66913	0.069726944
20151004	0	0.05	11.178611	0.035597503
20151004	0	0.05	12.873693	0.050989687
20151004	0	0.05	16.592539	0.066778898
20151004	0	0.05	13.007339	0.061288416
20151004	0	0.05	15.101836	0.087068141
20151004	0	0.05	14.030749	0.057134211
20151004	0	0.05	15.293114	0.071587086
20151004	0	0.05	15.114015	0.064327538
20151004	0	0.05	12.41091	0.072364926
20151004	0	0.05	16.242899	0.071846724
20151004	0	0.05	16.326504	0.10071719
20151004	0	0.05	14.182043	0.059352934
20151004	0	0.05	12.799162	0.070821643
20151004	0	0.05	12.210648	0.067727208
20151004	0	0.05	13.523284	0.079523802
20151004	0	0.05	15.685096	0.088451982
20151004	0	0.05	13.356273	0.070236444
20151004	0	0.05	14.067417	0.057130575
20151004	0	0.05	15.244916	0.079602242
20151004	0	0.05	14.56856	0.090525448
20151004	0	0.05	18.365126	0.078739166
20151004	0	0.05	12.098635	0.052590847
20151004	0	0.05	12.285753	0.062574506
20151004	0	0.05	15.338762	0.10710514
20151004	0	0.05	13.317647	0.062835515
20151004	0	0.05	17.581001	0.079589844
20151004	0	0.05	15.472519	0.08022809
20151004	0	0.05	13.896356	0.071901143
20151004	0	0.05	14.756775	0.065415382
20151004	0	0.05	11.924016	0.060353935
20151004	0	0.05	13.228935	0.066426337
20151004	0	0.05	15.186877	0.064210474
20151004	0	0.05	12.870835	0.067496836
20151004	0	0.05	15.087211	0.09938395
20151004	0	0.05	14.365078	0.093506753
20151004	0	0.05	13.41126	0.06395638
20151004	0	0.05	14.601357	0.064311862
20151004	0	0.05	15.687441	0.057081878
20151004	0	0.05	12.944953	0.04682827
20151004	0	0.05	14.962308	0.073268294
20151004	0	0.05	12.776142	0.062069893
20151004	0	0.05	13.795366	0.057335794
20151004	0	0.05	12.827879	0.034345925
20151004	0	0.05	15.567355	0.094632924
20151004	0	0.05	14.477346	0.062035561
20151004	0	0.05	15.593335	0.064738095
20151004	0	0.05	13.693633	0.039042711
20151004	0	0.05	9.5064459	0.0067138672
20151004	0	0.05	12.755965	0.057405949
20151004	0	0.05	13.896356	0.078976989
20151004	0	0.05	14.195009	0.062494159
20151004	0	0.05	13.416746	0.063948095
20151004	0	0.05	13.520563	0.069540739
20151004	0	0.05	14.200193	0.093925595
20151004	0	0.05	16.832527	0.08845675
20151004	0	0.05	13.015823	0.054878473
20151004	0	0.05	14.37276	0.072485745
20151004	0	0.05	13.122812	0.082327604
20151004	0	0.05	14.098772	0.068839371
20151004	0	0.05	12.6546	0.064441264
20151004	0	0.05	11.503072	0.051628113
20151004	0	0.05	13.596553	0.07007277
20151004	0	0.05	12.950638	0.077046812
20151004	0	0.05	13.278909	0.051600099
20151004	0	0.05	13.424972	0.075446188
20151004	0	0.05	12.526005	0.045905888
20151004	0	0.05	14.197602	0.05482018
20151004	0	0.05	13.251169	0.056652904
20151004	0	0.05	15.084771	0.086809576
20151004	0	0.05	12.996018	0.057594359
20151004	0	0.05	13.883109	0.059825003
20151004	0	0.05	14.28545	0.095232308
20151004	0	0.05	12.724195	0.11869764
20151004	0	0.05	15.259392	0.079883873
20151004	0	0.05	13.669427	0.056355417
20151004	0	0.05	13.173188	0.044576228
20151004	0	0.05	15.271443	0.07925725
20151004	0	0.05	13.696321	0.076681793
20151004	0	0.05	14.903168	0.074153125
20151004	0	0.05	13.498773	0.071676254
20151004	0	0.05	11.982505	0.061110079
20151004	0	0.05	12.764617	0.054820955
20151004	0	0.05	11.652448	0.061376095
20151004	0	0.05	13.105977	0.0600968
20151004	0	0.05	15.588614	0.055777073
20151004	0	0.05	14.664224	0.05527997
20151004	0	0.05	15.348354	0.071659744
20151004	0	0.05	13.861889	0.091914654
20151004	0	0.05	12.750196	0.054908335
20151004	0	0.05	14.14307	0.073053837
20151004	0	0.05	12.581696	0.06471777
20151004	0	0.05	12.523067	0.060845673
20151004	0	0.05	13.574884	0.080666959
20151004	0	0.05	11.072775	0.053470612
20151004	0	0.05	13.303825	0.081095338
20151004	0	0.05	12.104716	0.054058909
20151004	0	0.05	15.755317	0.07511276
20151004	0	0.05	13.859234	0.07522589
20151004	0	0.05	12.833615	0.056904674
20151004	0	0.05	15.505777	0.054994345
20151004	0	0.05	12.119906	0.068056762
20151004	0	0.05	14.23901	0.029530048
20151004	0	0.05	14.293176	0.059272528
20151004	0	0.05	12.104716	0.053087294
20151004	0	0.05	13.655961	0.059916973
20151004	0	0.05	13.16201	0.066344798
20151004	0	0.05	15.813597	0.077827573
20151004	0	0.05	14.606397	0.067661405
20151004	0	0.05	13.752624	0.053849876
20151004	0	0.05	13.16201	0.065416455
20151004	0	0.05	13.060977	0.073983967
20151004	0	0.05	11.633486	0.058875859
20151004	0	0.05	13.438669	0.070895195
20151004	0	0.05	13.433191	0.07740438
20151004	0	0.05	14.213144	0.075027585
20151004	0	0.05	16.097261	0.075074971
20151004	0	0.05	13.8007	0.063675642
20151004	0	0.05	13.375544	0.047626972
20151004	0	0.05	15.759987	0.071966648
20151004	0	0.05	12.222695	0.055746436
20151004	0	0.05	15.439188	0.074697971
20151004	0	0.05	14.492589	0.084225893
20151004	0	0.05	12.034595	0.070836782
20151004	0	0.05	13.688258	0.05927366
20151004	0	0.05	11.636648	0.033260822
20151004	0	0.05	12.321642	0.045358717
20151004	0	0.05	14.29575	0.079048872
20151004	0	0.05	13.289989	0.05571872
20151004	0	0.05	12.41091	0.067111135
20151004	0	0.05	14.007127	0.039159596
20151004	0	0.05	13.28168	0.063330233
20151004	0	0.05	12.622574	0.051832974
20151004	0	0.05	15.075011	0.091013968
20151004	0	0.05	13.331455	0.073763847
20151004	0	0.05	10.885087	0.013050377
20151004	0	0.05	17.515999	0.096571147
20151004	0	0.05	13.840636	0.057823777
20151004	0	0.05	11.012795	0.021063328
20151004	0	0.05	16.758038	0.091541171
20151004	0	0.05	13.776682	0.080583036
20151004	0	0.05	16.003265	0.087525189
20151004	0	0.05	12.543618	0.064283013
20151004	0	0.05	14.981969	0.06465137
20151004	0	0.05	12.12901	0.072216868
20151004	0	0.05	12.804911	0.064728618
20151004	0	0.05	12.481863	0.057134032
20151004	0	0.05	16.229301	0.080600023
20151004	0	0.05	13.125615	0.071069241
20151004	0	0.05	12.738646	0.060413003
20151004	0	0.05	12.640053	0.037094295
20151004	0	0.05	11.589119	0.055417776
20151004	0	0.05	12.645874	0.059010386
20151004	0	0.05	14.848749	0.10496265
20151004	0	0.05	17.431767	0.093007028
20151004	0	0.05	15.680403	0.10371614
20151004	0	0.05	13.035598	0.069383204
20151004	0	0.05	12.939266	0.061390042
20151004	0	0.05	15.536597	0.066607535
20151004	0	0.05	12.297729	0.070569158
20151004	0	0.05	15.448718	0.082781076
20151004	0	0.05	14.213144	0.086945355
20151004	0	0.05	13.389293	0.07649523
20151004	0	0.05	12.183496	0.080677748
20151004	0	0.05	14.48751	0.087383747
20151004	0	0.05	13.520563	0.057715237
20151004	0	0.05	14.103991	0.06971401
20151004	0	0.05	16.337769	0.080690682
20151004	0	0.05	13.819351	0.075906157
20151004	0	0.05	11.168731	0.011179805
20151004	0	0.05	14.272565	0.10266173
20151004	0	0.05	13.72316	0.065702558
20151004	0	0.05	13.375544	0.011884511
20151004	0	0.05	14.046476	0.05843246
20151004	0	0.05	12.30072	0.071880162
20151004	0	0.05	15.162628	0.085201919
20151004	0	0.05	12.683644	0.066521227
20151004	0	0.05	12.822141	0.06356591
20151004	0	0.05	13.941297	0.068336308
20151004	0	0.05	15.288301	0.086342156
20151004	0	0.05	14.98688	0.060495913
20151004	0	0.05	12.882266	0.080696523
20151004	0	0.05	13.463289	0.073170602
20151004	0	0.05	12.240746	0.112239
20151004	0	0.05	12.419801	0.049375355
20151004	0	0.05	13.612781	0.06900239
20151004	0	0.05	15.377096	0.080880463
20151004	0	0.05	14.072648	0.051282525
20151004	0	0.05	14.431524	0.07186693
20151004	0	0.05	11.976361	0.053696394
20151004	0	0.05	9.6904583	0.036681175
20151004	0	0.05	12.833615	0.059852064
20151004	0	0.05	12.879409	0.081606627
20151004	0	0.05	10.052041	0.014232099
20151004	0	0.05	20.076609	0.099995136
20151004	0	0.05	15.021214	0.076322496
20151004	0	0.05	20.764942	0.10525376
20151004	0	0.05	15.904087	0.092189074
20151004	0	0.05	13.072242	0.063104987
20151004	0	0.05	13.192726	0.051472962
20151004	0	0.05	12.1472	0.050243795
20151004	0	0.05	12.695244	0.069249034
20151004	0	0.05	12.6546	0.07601589
20151004	0	0.05	12.231724	0.076011658
20151004	0	0.05	13.893707	0.051459193
20151004	0	0.05	14.431524	0.06206888
20151004	0	0.05	16.483515	0.10074759
20151004	0	0.05	12.17141	0.048619568
20151004	0	0.05	14.215733	0.061154246
20151004	0	0.05	13.276137	0.021490097
20151004	0	0.05	13.270593	0.081986189
20151004	0	0.05	12.642963	0.05443579
20151004	0	0.05	15.225595	0.059179842
20151004	0	0.05	11.914754	0.059266865
20151004	0	0.05	11.283454	0.07380265
20151004	0	0.05	12.464163	0.06341064
20151004	0	0.05	15.515266	0.072682559
20151004	0	0.05	8.2014771	0.011839569
20151004	0	0.05	11.936354	0.058510423
20151004	0	0.05	12.339547	0.053329706
20151004	0	0.05	13.148024	0.071426272
20151004	0	0.05	15.386665	0.066432297
20151004	0	0.05	12.02236	0.077944517
20151004	0	0.05	13.938657	0.076201439
20151004	0	0.05	14.726822	0.074747145
20151004	0	0.05	12.990355	0.067482769
20151004	0	0.05	14.462089	0.066526592
20151004	0	0.05	13.885759	0.06599313
20151004	0	0.05	14.244177	0.079415083
20151004	0	0.05	13.599258	0.082545757
20151004	0	0.05	14.848749	0.087209523
20151004	0	0.05	14.656694	0.085331976
20151004	0	0.05	15.398618	0.071774364
20151004	0	0.05	13.607373	0.063116252
20151004	0	0.05	15.52238	0.074662387
20151004	0	0.05	15.5437	0.09428829
20151004	0	0.05	12.572919	0.053028047
20151004	0	0.05	14.127452	0.053149104
20151004	0	0.05	14.898229	0.068755507
20151004	0	0.05	15.486781	0.054481387
20151004	0	0.05	15.825228	0.078448594
20151004	0	0.05	15.326762	0.062383652
20151004	0	0.05	13.856579	0.076781094
20151004	0	0.05	15.27867	0.076301813
20151004	0	0.05	16.104116	0.09528178
20151004	0	0.05	15.5437	0.075365961
20151004	0	0.05	12.590466	0.064144075
20151004	0	0.05	12.581696	0.062415242
20151004	0	0.05	15.924896	0.090014219
20151004	0	0.05	13.867197	0.067571402
20151004	0	0.05	13.097551	0.062351525
20151004	0	0.05	14.591273	0.065399587
20151004	0	0.05	15.583893	0.091190934
20151004	0	0.05	12.919345	0.10722083
20151004	0	0.05	12.799162	0.13050079
20151004	0	0.05	12.899393	0.072317302
20151004	0	0.05	12.249761	0.057599127
20151004	0	0.05	11.970215	0.058761954
20151004	0	0.05	12.168386	0.052293301
20151004	0	0.05	12.695244	0.068621397
20151004	0	0.05	15.722587	0.07766366
20151004	0	0.05	14.388113	0.079470515
20151004	0	0.05	12.399044	0.07292074
20151004	0	0.05	14.711823	0.068216026
20151004	0	0.05	14.979513	0.077119291
20151004	0	0.05	13.983463	0.077697694
20151004	0	0.05	13.999244	0.070018709
20151004	0	0.05	13.824676	0.048609376
20151004	0	0.05	14.841313	0.090207875
20151004	0	0.05	15.30514	0.066395402
20151004	0	0.05	12.183496	0.057376325
20151004	0	0.05	14.70682	0.073111951
20151004	0	0.05	13.075057	0.040246785
20151004	0	0.05	14.566033	0.05532825
20151004	0	0.05	14.083103	0.099889278
20151004	0	0.05	14.875983	0.055358291
20151004	0	0.05	13.496047	0.061081052
20151004	0	0.05	12.930733	0.067384064
20151004	0	0.05	15.696821	0.083190799
20151004	0	0.05	14.382998	0.065503478
20151004	0	0.05	15.116448	0.10641384
20151004	0	0.05	12.508367	0.058773875
20151004	0	0.05	12.976184	0.057531953
20151004	0	0.05	13.739239	0.07112509
20151004	0	0.05	13.642482	0.063654661
20151004	0	0.05	13.54775	0.059291482
20151004	0	0.05	13.993986	0.057173193
20151004	0	0.05	12.219685	0.075034559
20151004	0	0.05	13.105977	0.072129488
20151004	0	0.05	12.110794	0.047817945
20151004	0	0.05	15.609843	0.078230441
20151004	0	0.05	13.027126	0.072395325
20151004	0	0.05	13.615483	0.059552252
20151004	0	0.05	14.444267	0.067145705
20151004	0	0.05	14.127452	0.08528924
20151004	0	0.05	12.744422	0.052161932
20151004	0	0.05	13.309356	0.075936258
20151004	0	0.05	14.771729	0.078134358
20151004	0	0.05	15.223178	0.068870485
20151004	0	0.05	13.996614	0.11784118
20151004	0	0.05	13.021476	0.077302516
20151004	0	0.05	12.44348	0.11316121
20151004	0	0.05	12.657507	0.048825085
20151004	0	0.05	14.262248	0.082340479
20151004	0	0.05	12.939266	0.059395373
20151004	0	0.05	14.583707	0.072739005
20151004	0	0.05	12.198587	0.039701939
20151004	0	0.05	17.762157	0.10029447
20151004	0	0.05	15.536597	0.084321558
20151004	0	0.05	14.264828	0.088208675
20151004	0	0.05	13.317647	0.079383373
20151004	0	0.05	12.593389	0.063347995
20151004	0	0.05	13.012996	0.072565675
20151004	0	0.05	13.007339	0.048273563
20151004	0	0.05	11.712293	0.075187564
20151004	0	0.05	17.6999	0.094582796
20151004	0	0.05	13.150822	0.06803602
20151004	0	0.05	20.41827	0.10943782
20151004	0	0.05	14.888347	0.086278737
20151004	0	0.05	12.089507	0.054880202
20151004	0	0.05	16.978361	0.074128151
20151004	0	0.05	13.645179	0.070797145
20151004	0	0.05	12.446437	0.084037364
20151004	0	0.05	13.845953	0.086685359
20151004	0	0.05	14.70682	0.05240643
20151004	0	0.05	12.58462	0.1029858
20151004	0	0.05	11.576411	0.063296139
20151004	0	0.05	12.210648	0.076156795
20151004	0	0.05	14.784179	0.061862707
20151004	0	0.05	14.436623	0.078695834
20151004	0	0.05	16.499134	0.090931356
20151004	0	0.05	13.122812	0.074944496
20151004	0	0.05	12.26777	0.0086804628
20151004	0	0.05	14.23384	0.065513313
20151004	0	0.05	12.15931	0.054598808
20151004	0	0.05	13.063795	0.067579687
20151004	0	0.05	14.017631	0.062655032
20151004	0	0.05	16.971859	0.070360541
20151004	0	0.05	13.083497	0.063647151
20151004	0	0.05	11.821741	0.072036922
20151004	0	0.05	12.807784	0.076455355
20151004	0	0.05	12.110794	0.062896371
20151004	0	0.05	14.947545	0.076940775
20151004	0	0.05	14.046476	0.085693181
20151004	0	0.05	15.572083	0.077299774
20151004	0	0.05	13.178774	0.070756972
20151004	0	0.05	13.819351	0.090725541
20151004	0	0.05	13.9703	0.08139956
20151004	0	0.05	13.348005	0.059862971
20151004	0	0.05	14.925373	0.029790759
20151004	0	0.05	13.658655	0.056358695
20151004	0	0.05	13.696321	0.073815346
20151004	0	0.05	12.660414	0.066031396
20151004	0	0.05	13.699007	0.088175833
20151004	0	0.05	12.876552	0.067224264
20151004	0	0.05	13.049705	0.065989852
20151004	0	0.05	12.882266	0.054170549
20151004	0	0.05	12.031538	0.078847706
20151004	0	0.05	11.936354	0.067527711
20151004	0	0.05	12.534815	0.048202038
20151004	0	0.05	12.738646	0.10264474
20151004	0	0.05	14.449361	0.077575743
20151004	0	0.05	13.007339	0.08683455
20151004	0	0.05	15.077452	0.083484948
20151004	0	0.05	13.28445	0.067940891
20151004	0	0.05	12.732867	0.050407827
20151004	0	0.05	12.732867	0.06344682
20151004	0	0.05	13.637086	0.060685337
20151004	0	0.05	14.067417	0.076159418
20151004	0	0.05	10.290806	0.013510823
20151004	0	0.05	16.358027	0.081586242
20151004	0	0.05	13.301059	0.064492047
20151004	0	0.05	12.552416	0.058468044
20151004	0	0.05	14.306042	0.08165741
20151004	0	0.05	13.438669	0.088781774
20151004	0	0.05	14.137866	0.074161947
20151004	0	0.05	13.843295	0.044612586
20151004	0	0.05	12.366356	0.034951627
20151004	0	0.05	14.215733	0.070727766
20151004	0	0.05	14.676765	0.057995081
20151004	0	0.05	13.725841	0.072170198
20151004	0	0.05	11.515861	0.06113559
20151004	0	0.05	12.666225	0.063432515
20151004	0	0.05	13.438669	0.057785034
20151004	0	0.05	18.704605	0.11071402
20151004	0	0.05	13.00168	0.079281747
20151004	0	0.05	12.721303	0.069536626
20151004	0	0.05	13.075057	0.064647496
20151004	0	0.05	12.698141	0.069072545
20151004	0	0.05	14.875983	0.083749235
20151004	0	0.05	12.744422	0.056123018
20151004	0	0.05	13.555897	0.11034548
20151004	0	0.05	14.603877	0.073823452
20151004	0	0.05	14.406004	0.058659673
20151004	0	0.05	13.383795	0.075680673
20151004	0	0.05	13.273366	0.058621585
20151004	0	0.05	14.111815	0.070044219
20151004	0	0.05	15.055471	0.077642143
20151004	0	0.05	17.780792	0.10696697
20151004	0	0.05	14.362515	0.073144436
20151004	0	0.05	12.354448	0.046285868
20151004	0	0.05	12.907948	0.025992632
20151004	0	0.05	12.732867	0.069637835
20151004	0	0.05	14.382998	0.068292379
20151004	0	0.05	12.779022	0.042180002
20151004	0	0.05	11.948678	0.041701376
20151004	0	0.05	16.40744	0.068026304
20151004	0	0.05	12.276765	0.032056451
20151004	0	0.05	12.288749	0.07271874
20151004	0	0.05	14.828912	0.09933722
20151004	0	0.05	14.831393	0.076699913
20151004	0	0.05	13.816689	0.088525116
20151004	0	0.05	15.035905	0.091712773
20151004	0	0.05	15.264214	0.073435247
20151004	0	0.05	14.736814	0.084976792
20151004	0	0.05	14.6918	0.053328574
20151004	0	0.05	15.534228	0.065386236
20151004	0	0.05	13.580305	0.086295187
20151004	0	0.05	14.979513	0.048611701
20151004	0	0.05	13.872503	0.072486222
20151004	0	0.05	16.183891	0.085882068
20151004	0	0.05	14.257088	0.07457763
20151004	0	0.05	14.679273	0.082826555
20151004	0	0.05	12.596311	0.063016474
20151004	0	0.05	16.801895	0.11433047
20151004	0	0.05	12.776142	0.01393193
20151004	0	0.05	15.333963	0.080746233
20151004	0	0.05	14.957389	0.057891548
20151004	0	0.05	15.184454	0.072556615
20151004	0	0.05	13.664042	0.061907887
20151004	0	0.05	12.180475	0.040532112
20151004	0	0.05	14.30347	0.076285064
20151004	0	0.05	14.127452	0.062959194
20151004	0	0.05	14.967226	0.081356049
20151004	0	0.05	14.776711	0.077105999
20151004	0	0.05	12.219685	0.040313244
20151004	0	0.05	16.956675	0.092616141
20151004	0	0.05	14.548339	0.073735654
20151004	0	0.05	12.520128	0.043548942
20151004	0	0.05	13.201092	0.060801804
20151004	0	0.05	13.755299	0.06652534
20151004	0	0.05	15.055471	0.0721699
20151004	0	0.05	15.040799	0.097731113
20151004	0	0.05	14.989335	0.083765268
20151004	0	0.05	12.089507	0.056002498
20151004	0	0.05	13.975567	0.065614581
20151004	0	0.05	15.196566	0.075271964
20151004	0	0.05	12.779022	0.1152252
20151004	0	0.05	14.866086	0.038432717
20151004	0	0.05	14.479888	0.1009739
20151004	0	0.05	11.687133	0.049405992
20151004	0	0.05	14.709322	0.073754609
20151004	0	0.05	12.53775	0.074245811
20151004	0	0.05	12.517189	0.055917799
20151004	0	0.05	13.986095	0.070551097
20151004	0	0.05	19.957121	0.10944867
20151004	0	0.05	12.776142	0.074224532
20151004	0	0.05	15.232842	0.075162113
20151004	0	0.05	13.696321	0.083094418
20151004	0	0.05	15.980255	0.087792337
20151004	0	0.05	13.808697	0.059448421
20151004	0	0.05	12.162336	0.065166533
20151004	0	0.05	13.996614	0.077594042
20151004	0	0.05	13.577595	0.062623858
20151004	0	0.05	13.471487	0.067240417
20151004	0	0.05	14.195009	0.079067409
20151004	0	0.05	13.348005	0.085356116
20151004	0	0.05	12.902245	0.060999334
20151004	0	0.05	13.68557	0.048547268
20151004	0	0.05	12.735757	0.061609328
