Date IfLatB Conc DiameterA_um Def
20151001	1	0.5	14.779201	0.11987352
20151001	1	0.5	15.133478	0.11361951
20151001	1	0.5	15.133478	0.11361951
20151001	1	0.5	12.847943	0.073206842
20151001	1	0.5	16.138355	0.13060689
20151001	1	0.5	14.236425	0.11207491
20151001	1	0.5	12.511309	0.070496321
20151001	1	0.5	12.019299	0.075896323
20151001	1	0.5	12.58462	0.059701979
20151001	1	0.5	13.449617	0.090045452
20151001	1	0.5	13.661349	0.08345741
20151001	1	0.5	15.026113	0.084014356
20151001	1	0.5	14.035994	0.067183554
20151001	1	0.5	14.400895	0.087319434
20151001	1	0.5	11.790574	0.098855615
20151001	1	0.5	14.525558	0.090637386
20151001	1	0.5	13.618186	0.09379673
20151001	1	0.5	13.325933	0.087768137
20151001	1	0.5	13.896356	0.079820037
20151001	1	0.5	12.216673	0.077587903
20151001	1	0.5	14.56856	0.088070869
20151001	1	0.5	17.223658	0.089683115
20151001	1	0.5	13.430452	0.094338
20151001	1	0.5	14.046476	0.080764592
20151001	1	0.5	13.142426	0.071830153
20151001	1	0.5	15.062801	0.095544696
20151001	1	0.5	15.553167	0.08271867
20151001	1	0.5	13.217805	0.068711698
20151001	1	0.5	11.945598	0.050322533
20151001	1	0.5	15.018764	0.075831831
20151001	1	0.5	11.806169	0.10050797
20151001	1	0.5	12.02848	0.078483462
20151001	1	0.5	15.534228	0.070822299
20151001	1	0.5	13.819351	0.061289251
20151001	1	0.5	13.460556	0.094710231
20151001	1	0.5	16.240633	0.094430268
20151001	1	0.5	13.091931	0.1010747
20151001	1	0.5	15.07257	0.069380641
20151001	1	0.5	11.724854	0.051249623
20151001	1	0.5	13.604669	0.075530767
20151001	1	0.5	13.696321	0.11367041
20151001	1	0.5	15.750646	0.096170962
20151001	1	0.5	14.761761	0.08529979
20151001	1	0.5	12.764617	0.080505252
20151001	1	0.5	12.467114	0.068118334
20151001	1	0.5	11.973289	0.055491805
20151001	1	0.5	11.636648	0.064936638
20151001	1	0.5	13.339733	0.1107806
20151001	1	0.5	12.6546	0.083712757
20151001	1	0.5	12.876552	0.070122182
20151001	1	0.5	12.913647	0.088845611
20151001	1	0.5	13.482409	0.074730992
20151001	1	0.5	14.550868	0.062210917
20151001	1	0.5	16.508053	0.10219604
20151001	1	0.5	13.381045	0.10333347
20151001	1	0.5	11.743669	0.076491177
20151001	1	0.5	13.063795	0.069494069
20151001	1	0.5	14.56856	0.14699441
20151001	1	0.5	12.859395	0.089647174
20151001	1	0.5	13.424972	0.062122643
20151001	1	0.5	13.134023	0.059152842
20151001	1	0.5	14.064801	0.095069289
20151001	1	0.5	15.026113	0.067737341
20151001	1	0.5	15.867025	0.089210033
20151001	1	0.5	14.316326	0.088728726
20151001	1	0.5	13.083497	0.11383164
20151001	1	0.5	13.43593	0.069542885
20151001	1	0.5	15.160201	0.056376815
20151001	1	0.5	15.621626	0.10151792
20151001	1	0.5	11.930186	0.060872495
20151001	1	0.5	12.549484	0.05805707
20151001	1	0.5	12.930733	0.10769725
20151001	1	0.5	12.354448	0.097664177
20151001	1	0.5	13.080684	0.078136563
20151001	1	0.5	12.065133	0.097892344
20151001	1	0.5	15.365127	0.095835865
20151001	1	0.5	13.375544	0.092893362
20151001	1	0.5	13.650571	0.1166209
20151001	1	0.5	14.169064	0.079272091
20151001	1	0.5	19.727165	0.15165633
20151001	1	0.5	11.254065	0.051156104
20151001	1	0.5	13.515119	0.075989962
20151001	1	0.5	12.761734	0.073404789
20151001	1	0.5	14.94262	0.087437749
20151001	1	0.5	14.477346	0.058368266
20151001	1	0.5	13.178774	0.094298065
20151001	1	0.5	13.136825	0.080425382
20151001	1	0.5	12.715516	0.084012628
20151001	1	0.5	12.865116	0.078051507
20151001	1	0.5	13.350761	0.08379966
20151001	1	0.5	13.245614	0.12379366
20151001	1	0.5	13.536882	0.06553632
20151001	1	0.5	12.879409	0.093003273
20151001	1	0.5	13.8007	0.084123194
20151001	1	0.5	13.819351	0.1150499
20151001	1	0.5	16.222498	0.074298799
20151001	1	0.5	13.768667	0.080598533
20151001	1	0.5	12.953479	0.068758249
20151001	1	0.5	9.6638412	0.017928898
20151001	1	0.5	13.707063	0.075046301
20151001	1	0.5	14.905637	0.088565648
20151001	1	0.5	13.094742	0.10090363
20151001	1	0.5	14.759268	0.064591527
20151001	1	0.5	15.9526	0.1440382
20151001	1	0.5	15.417723	0.094733596
20151001	1	0.5	13.159214	0.073718727
20151001	1	0.5	13.339733	0.074748695
20151001	1	0.5	12.839349	0.08039403
20151001	1	0.5	13.653266	0.092131436
20151001	1	0.5	15.077452	0.11030537
20151001	1	0.5	13.631689	0.072433412
20151001	1	0.5	13.069427	0.095461428
20151001	1	0.5	11.538205	0.082083583
20151001	1	0.5	12.53775	0.051708877
20151001	1	0.5	15.184454	0.069414973
20151001	1	0.5	12.279762	0.087010682
20151001	1	0.5	12.481863	0.079056203
20151001	1	0.5	17.881908	0.13315445
20151001	1	0.5	14.280297	0.067149162
20151001	1	0.5	12.276765	0.045535624
20151001	1	0.5	14.510351	0.085335135
20151001	1	0.5	13.485137	0.066798806
20151001	1	0.5	13.433191	0.096620917
20151001	1	0.5	13.653266	0.097930014
20151001	1	0.5	12.455303	0.084307611
20151001	1	0.5	15.682749	0.11786556
20151001	1	0.5	13.853923	0.074980557
20151001	1	0.5	16.815031	0.14809185
20151001	1	0.5	15.527121	0.09657377
20151001	1	0.5	13.626289	0.084638059
20151001	1	0.5	14.043857	0.055146337
20151001	1	0.5	16.120104	0.080486059
20151001	1	0.5	11.329017	0.066161156
20151001	1	0.5	15.401008	0.075332105
20151001	1	0.5	11.550954	0.073271096
20151001	1	0.5	15.729606	0.085992932
20151001	1	0.5	13.909589	0.063926935
20151001	1	0.5	13.986095	0.093840659
20151001	1	0.5	12.315668	0.070371926
20151001	1	0.5	12.354448	0.091462851
20151001	1	0.5	13.046885	0.076516151
20151001	1	0.5	12.09255	0.066856682
20151001	1	0.5	15.631045	0.08114475
20151001	1	0.5	13.383795	0.070057452
20151001	1	0.5	13.389293	0.11662662
20151001	1	0.5	12.419801	0.072450817
20151001	1	0.5	13.967666	0.11466414
20151001	1	0.5	15.694477	0.077112675
20151001	1	0.5	15.038352	0.065205336
20151001	1	0.5	12.508367	0.060865343
20151001	1	0.5	15.553167	0.098171532
20151001	1	0.5	12.842215	0.085002959
20151001	1	0.5	15.790311	0.097571909
20151001	1	0.5	13.707063	0.072533429
20151001	1	0.5	13.198304	0.098357797
20151001	1	0.5	14.898229	0.080394328
20151001	1	0.5	12.561207	0.045234144
20151001	1	0.5	12.683644	0.11181748
20151001	1	0.5	16.557018	0.10879332
20151001	1	0.5	14.555925	0.10794997
20151001	1	0.5	12.787658	0.047608972
20151001	1	0.5	12.953479	0.097548008
20151001	1	0.5	15.825228	0.082650721
20151001	1	0.5	13.843295	0.078126073
20151001	1	0.5	17.731056	0.070324898
20151001	1	0.5	13.851267	0.08661586
20151001	1	0.5	13.520563	0.11997467
20151001	1	0.5	14.82643	0.12331402
20151001	1	0.5	15.040799	0.088953316
20151001	1	0.5	16.238369	0.10715526
20151001	1	0.5	13.555897	0.086466014
20151001	1	0.5	13.822014	0.10836524
20151001	1	0.5	13.782022	0.084671319
20151001	1	0.5	14.99179	0.13738096
20151001	1	0.5	13.68557	0.093626678
20151001	1	0.5	13.54775	0.079295576
20151001	1	0.5	15.293114	0.08829242
20151001	1	0.5	12.75885	0.079712927
20151001	1	0.5	14.257088	0.090339661
20151001	1	0.5	12.049874	0.0562374
20151001	1	0.5	16.023947	0.083365619
20151001	1	0.5	11.393791	0.049572051
20151001	1	0.5	12.000916	0.077637017
20151001	1	0.5	11.135736	0.056654632
20151001	1	0.5	14.796618	0.082358718
20151001	1	0.5	13.259497	0.11466837
20151001	1	0.5	12.845079	0.07333827
20151001	1	0.5	15.465383	0.093666852
20151001	1	0.5	11.550954	0.059842467
20151001	1	0.5	14.497665	0.074166477
20151001	1	0.5	12.34551	0.078429639
20151001	1	0.5	12.744422	0.074646115
20151001	1	0.5	16.608055	0.11031902
20151001	1	0.5	12.098635	0.060310543
20151001	1	0.5	13.509672	0.098361433
20151001	1	0.5	11.690281	0.011793077
20151001	1	0.5	15.422496	0.078068435
20151001	1	0.5	14.393228	0.0606336
20151001	1	0.5	13.331455	0.13195801
20151001	1	0.5	16.08354	0.076933086
20151001	1	0.5	14.512886	0.087999046
20151001	1	0.5	15.283486	0.095211685
20151001	1	0.5	15.417723	0.079608262
20151001	1	0.5	15.14806	0.10676074
20151001	1	0.5	11.674532	0.0855093
20151001	1	0.5	16.065228	0.15123647
20151001	1	0.5	14.666733	0.080432475
20151001	1	0.5	16.603622	0.075055659
20151001	1	0.5	12.993187	0.12684906
20151001	1	0.5	12.827879	0.090990365
20151001	1	0.5	11.426041	0.073628664
20151001	1	0.5	11.702865	0.053213596
20151001	1	0.5	14.308614	0.055092275
20151001	1	0.5	13.68557	0.068425894
20151001	1	0.5	13.558611	0.098049343
20151001	1	0.5	13.00451	0.043379605
20151001	1	0.5	15.678056	0.069719553
20151001	1	0.5	15.114015	0.051212192
20151001	1	0.5	14.507814	0.11055833
20151001	1	0.5	12.879409	0.068924129
20151001	1	0.5	13.331455	0.05989188
20151001	1	0.5	13.206664	0.083774447
20151001	1	0.5	13.145225	0.063124478
20151001	1	0.5	14.646648	0.082856119
20151001	1	0.5	12.526005	0.060536861
20151001	1	0.5	15.922585	0.08735913
20151001	1	0.5	12.876552	0.087322652
20151001	1	0.5	13.896356	0.078155994
20151001	1	0.5	15.671013	0.11642981
20151001	1	0.5	12.927887	0.072372377
20151001	1	0.5	12.990355	0.081831276
20151001	1	0.5	13.072242	0.084629714
20151001	1	0.5	14.681779	0.091676414
20151001	1	0.5	15.961824	0.13461989
20151001	1	0.5	15.598054	0.09189254
20151001	1	0.5	12.138108	0.091483355
20151001	1	0.5	14.408558	0.087406754
20151001	1	0.5	14.004499	0.080192089
20151001	1	0.5	13.596553	0.068177104
20151001	1	0.5	13.553182	0.084276557
20151001	1	0.5	15.878616	0.072607279
20151001	1	0.5	13.588431	0.087167799
20151001	1	0.5	12.321642	0.069426
20151001	1	0.5	14.903168	0.092000067
20151001	1	0.5	15.089649	0.088049769
20151001	1	0.5	16.301693	0.1203109
20151001	1	0.5	14.967226	0.079457939
20151001	1	0.5	14.262248	0.10550982
20151001	1	0.5	13.035598	0.08581686
20151001	1	0.5	12.052928	0.065730572
20151001	1	0.5	13.599258	0.10299909
20151001	1	0.5	13.187147	0.12399316
20151001	1	0.5	13.01865	0.093952954
20151001	1	0.5	14.441719	0.097023845
20151001	1	0.5	12.437564	0.067127645
20151001	1	0.5	12.327614	0.085072041
20151001	1	0.5	12.987522	0.082162499
20151001	1	0.5	15.950294	0.074153185
20151001	1	0.5	15.242502	0.077438354
20151001	1	0.5	15.177182	0.085920751
20151001	1	0.5	15.73896	0.084830642
20151001	1	0.5	15.026113	0.070192218
20151001	1	0.5	15.924896	0.10683024
20151001	1	0.5	15.24733	0.098754644
20151001	1	0.5	12.396076	0.063516855
20151001	1	0.5	12.046821	0.069661736
20151001	1	0.5	17.662439	0.15762997
20151001	1	0.5	14.3497	0.070629358
20151001	1	0.5	14.502741	0.094803572
20151001	1	0.5	13.496047	0.074521899
20151001	1	0.5	13.041243	0.10092914
20151001	1	0.5	12.956319	0.071871161
20151001	1	0.5	13.774012	0.070432663
20151001	1	0.5	13.027126	0.089973569
20151001	1	0.5	13.433191	0.092804313
20151001	1	0.5	16.876192	0.083750546
20151001	1	0.5	13.980832	0.077091157
20151001	1	0.5	14.54581	0.13933718
20151001	1	0.5	14.37532	0.098450124
20151001	1	0.5	15.517638	0.09915632
20151001	1	0.5	11.009454	0.04988414
20151001	1	0.5	15.186877	0.086931527
20151001	1	0.5	12.587543	0.0923841
20151001	1	0.5	13.747271	0.094105303
20151001	1	0.5	12.953479	0.14472967
20151001	1	0.5	13.103169	0.096866846
20151001	1	0.5	15.579169	0.089644194
20151001	1	0.5	15.177182	0.077974796
20151001	1	0.5	14.23384	0.062479913
20151001	1	0.5	12.715516	0.081633866
20151001	1	0.5	12.327614	0.079895556
20151001	1	0.5	13.564037	0.07431072
20151001	1	0.5	16.156586	0.088459015
20151001	1	0.5	13.273366	0.064841449
20151001	1	0.5	14.390671	0.086936057
20151001	1	0.5	11.006111	0.074622393
20151001	1	0.5	13.553182	0.075698972
20151001	1	0.5	15.668665	0.06833005
20151001	1	0.5	14.776711	0.052754879
20151001	1	0.5	13.356273	0.09881109
20151001	1	0.5	13.672119	0.083195806
20151001	1	0.5	12.523067	0.082915246
20151001	1	0.5	15.050582	0.076190054
20151001	1	0.5	14.811532	0.088032126
20151001	1	0.5	13.364535	0.092983902
20151001	1	0.5	12.135077	0.091777325
20151001	1	0.5	13.880459	0.087680995
20151001	1	0.5	13.875155	0.091807961
20151001	1	0.5	14.197602	0.097847581
20151001	1	0.5	15.104273	0.099481046
20151001	1	0.5	14.63911	0.10633397
20151001	1	0.5	18.222315	0.16696656
20151001	1	0.5	14.984425	0.079401195
20151001	1	0.5	15.22076	0.1112355
20151001	1	0.5	15.616915	0.10223562
20151001	1	0.5	13.262272	0.10979772
20151001	1	0.5	13.198304	0.067016065
20151001	1	0.5	13.755299	0.06775254
20151001	1	0.5	15.121316	0.13011557
20151001	1	0.5	12.715516	0.07404685
20151001	1	0.5	15.827553	0.093234003
20151001	1	0.5	13.925451	0.073083878
20151001	1	0.5	12.312679	0.093842685
20151001	1	0.5	13.585723	0.080569088
20151001	1	0.5	15.182031	0.11200893
20151001	1	0.5	12.315668	0.09679091
20151001	1	0.5	17.112206	0.12733305
20151001	1	0.5	12.663321	0.068926573
20151001	1	0.5	14.893289	0.072945118
20151001	1	0.5	14.135263	0.12270373
20151001	1	0.5	13.498773	0.11946213
20151001	1	0.5	12.231724	0.071929991
20151001	1	0.5	13.49332	0.066868186
20151001	1	0.5	14.63911	0.10944939
20151001	1	0.5	14.135263	0.055757165
20151001	1	0.5	14.538218	0.10302502
20151001	1	0.5	10.908725	0.04069227
20151001	1	0.5	13.583014	0.060163379
20151001	1	0.5	12.531878	0.070452631
20151001	1	0.5	15.801958	0.10061753
20151001	1	0.5	14.484969	0.10660958
20151001	1	0.5	13.564037	0.068388104
20151001	1	0.5	13.798034	0.081556678
20151001	1	0.5	13.803366	0.070561886
20151001	1	0.5	11.778084	0.063668847
20151001	1	0.5	12.905097	0.044171929
20151001	1	0.5	14.127452	0.081477702
20151001	1	0.5	14.01238	0.10568637
20151001	1	0.5	16.058353	0.062104762
20151001	1	0.5	14.841313	0.086779535
20151001	1	0.5	14.578659	0.065156221
20151001	1	0.5	14.166467	0.078975916
20151001	1	0.5	12.899393	0.07964474
20151001	1	0.5	12.593389	0.065083742
20151001	1	0.5	13.880459	0.09424448
20151001	1	0.5	15.527121	0.10521531
20151001	1	0.5	12.819271	0.067379177
20151001	1	0.5	11.753064	0.094557047
20151001	1	0.5	13.653266	0.083018243
20151001	1	0.5	12.561207	0.10148734
20151001	1	0.5	14.731818	0.087781012
20151001	1	0.5	15.264214	0.087189853
20151001	1	0.5	12.674938	0.081795275
20151001	1	0.5	13.867197	0.087654173
20151001	1	0.5	12.366356	0.078288615
20151001	1	0.5	12.330598	0.070933104
20151001	1	0.5	12.122942	0.090569317
20151001	1	0.5	15.053027	0.11180985
20151001	1	0.5	12.686545	0.025179446
20151001	1	0.5	12.819271	0.069836318
20151001	1	0.5	12.913647	0.063209057
20151001	1	0.5	12.357426	0.071126103
20151001	1	0.5	11.039493	0.044440687
20151001	1	0.5	13.593846	0.060117126
20151001	1	0.5	13.917522	0.13430685
20151001	1	0.5	16.258749	0.070611715
20151001	1	0.5	12.122942	0.072595239
20151001	1	0.5	13.234497	0.089816153
20151001	1	0.5	13.90165	0.083289623
20151001	1	0.5	13.795366	0.071083724
20151001	1	0.5	12.546552	0.12902761
20151001	1	0.5	14.744302	0.082571745
20151001	1	0.5	14.421322	0.073713243
20151001	1	0.5	14.262248	0.069701731
20151001	1	0.5	12.315668	0.078261256
20151001	1	0.5	15.177182	0.058071375
20151001	1	0.5	16.072096	0.07943815
20151001	1	0.5	13.658655	0.089208066
20151001	1	0.5	13.68019	0.091525435
20151001	1	0.5	12.950638	0.10921317
20151001	1	0.5	15.152918	0.072078109
20151001	1	0.5	13.959761	0.060050786
20151001	1	0.5	13.564037	0.063889027
20151001	1	0.5	12.862256	0.073676884
20151001	1	0.5	13.792698	0.086729228
20151001	1	0.5	12.162336	0.075291574
20151001	1	0.5	14.226083	0.080402911
20151001	1	0.5	13.00168	0.083749712
20151001	1	0.5	13.276137	0.087994814
20151001	1	0.5	15.671013	0.076808035
20151001	1	0.5	14.038615	0.12763458
20151001	1	0.5	13.5396	0.084125698
20151001	1	0.5	10.128622	0.077336252
20151001	1	0.5	15.367521	0.087666988
20151001	1	0.5	15.223178	0.10410607
20151001	1	0.5	12.306702	0.083524048
20151001	1	0.5	13.038421	0.116023
20151001	1	0.5	8.4140778	0.043112814
20151001	1	0.5	15.71088	0.094702721
20151001	1	0.5	17.206558	0.14512044
20151001	1	0.5	14.87351	0.1006847
20151001	1	0.5	15.731944	0.079324484
20151001	1	0.5	13.941297	0.062782884
20151001	1	0.5	12.735757	0.071537197
20151001	1	0.5	16.572567	0.13661665
20151001	1	0.5	14.913041	0.095749676
20151001	1	0.5	12.773262	0.073781133
20151001	1	0.5	15.647515	0.091323912
20151001	1	0.5	13.136825	0.096681058
20151001	1	0.5	15.931827	0.07920897
20151001	1	0.5	15.379489	0.090186536
20151001	1	0.5	13.136825	0.12353021
20151001	1	0.5	13.134023	0.075145245
20151001	1	0.5	12.555346	0.054510474
20151001	1	0.5	14.038615	0.078429699
20151001	1	0.5	12.770381	0.085111439
20151001	1	0.5	12.75885	0.076853991
20151001	1	0.5	15.365127	0.10260952
20151001	1	0.5	15.094525	0.098983765
20151001	1	0.5	14.890818	0.12379694
20151001	1	0.5	14.54328	0.094400764
20151001	1	0.5	13.072242	0.11353493
20151001	1	0.5	14.684285	0.073573887
20151001	1	0.5	16.167969	0.088436723
20151001	1	0.5	14.629052	0.092876136
20151001	1	0.5	14.659204	0.10529125
20151001	1	0.5	14.464632	0.098181844
20151001	1	0.5	13.292757	0.084702015
20151001	1	0.5	12.628403	0.080959499
20151001	1	0.5	15.384274	0.090245306
20151001	1	0.5	14.799105	0.10299277
20151001	1	0.5	13.71243	0.11930257
20151001	1	0.5	14.583707	0.14841247
20151001	1	0.5	13.523284	0.098356903
20151001	1	0.5	16.391733	0.11570144
20151001	1	0.5	15.973346	0.11466986
20151001	1	0.5	12.514249	0.081759393
20151001	1	0.5	14.288026	0.10476708
20151001	1	0.5	15.906401	0.12745136
20151001	1	0.5	14.277719	0.083296537
20151001	1	0.5	15.422496	0.095913529
20151001	1	0.5	14.377879	0.06183672
20151001	1	0.5	15.47014	0.095052481
20151001	1	0.5	13.055343	0.072349131
20151001	1	0.5	13.885759	0.09346509
20151001	1	0.5	13.060977	0.077762008
20151001	1	0.5	12.750196	0.067707956
20151001	1	0.5	15.621626	0.092759371
20151001	1	0.5	13.954488	0.10680133
20151001	1	0.5	14.043857	0.070951104
20151001	1	0.5	13.032775	0.11355156
20151001	1	0.5	13.460556	0.15029514
20151001	1	0.5	13.386544	0.10928333
20151001	1	0.5	12.000916	0.081638515
20151001	1	0.5	13.864543	0.070910454
20151001	1	0.5	13.776682	0.05234319
20151001	1	0.5	13.094742	0.068587005
20151001	1	0.5	12.625489	0.072096646
20151001	1	0.5	12.517189	0.039228141
20151001	1	0.5	15.689787	0.063437045
20151001	1	0.5	15.244916	0.082347333
20151001	1	0.5	14.117029	0.11934412
20151001	1	0.5	11.796814	0.062815368
20151001	1	0.5	14.195009	0.13126618
20151001	1	0.5	14.313756	0.12278283
20151001	1	0.5	12.499538	0.039724648
20151001	1	0.5	12.225706	0.065936208
20151001	1	0.5	13.455088	0.11340266
20151001	1	0.5	15.106709	0.070549369
20151001	1	0.5	12.701039	0.087875366
20151001	1	0.5	12.168386	0.080569565
20151001	1	0.5	13.482409	0.086689115
20151001	1	0.5	13.424972	0.065028906
20151001	1	0.5	12.970511	0.066300869
20151001	1	0.5	14.342006	0.069913447
20151001	1	0.5	11.924016	0.096041441
20151001	1	0.5	15.666316	0.086091697
20151001	1	0.5	12.291742	0.041543186
20151001	1	0.5	10.932311	0.047695518
20151001	1	0.5	16.037718	0.090709209
20151001	1	0.5	13.596553	0.067682922
20151001	1	0.5	13.779352	0.060556829
20151001	1	0.5	13.599258	0.086068451
20151001	1	0.5	16.324249	0.078429401
20151001	1	0.5	15.536597	0.089567959
20151001	1	0.5	15.240088	0.095055521
20151001	1	0.5	14.888347	0.074550748
20151001	1	0.5	13.060977	0.10344708
20151001	1	0.5	13.930736	0.097129941
20151001	1	0.5	13.993986	0.09259969
20151001	1	0.5	15.876299	0.099623799
20151001	1	0.5	14.411112	0.071169138
20151001	1	0.5	12.390138	0.079854667
20151001	1	0.5	14.969685	0.062250197
20151001	1	0.5	14.656694	0.10015208
20151001	1	0.5	14.903168	0.10140514
20151001	1	0.5	14.114423	0.068511367
20151001	1	0.5	12.787658	0.096878648
20151001	1	0.5	13.046885	0.083868861
20151001	1	0.5	11.43248	0.047095716
20151001	1	0.5	14.591273	0.10055143
20151001	1	0.5	16.619129	0.11995804
20151001	1	0.5	12.34849	0.061213851
20151001	1	0.5	12.135077	0.058187068
20151001	1	0.5	12.258768	0.069168448
20151001	1	0.5	15.089649	0.065798402
20151001	1	0.5	12.744422	0.10796827
20151001	1	0.5	15.427267	0.071525216
20151001	1	0.5	12.327614	0.10069901
20151001	1	0.5	13.959761	0.087353051
20151001	1	0.5	14.878457	0.073991239
20151001	1	0.5	16.035423	0.11490113
20151001	1	0.5	13.672119	0.094055712
20151001	1	0.5	12.201604	0.075525701
20151001	1	0.5	13.438669	0.1163674
20151001	1	0.5	13.237277	0.070354939
20151001	1	0.5	11.393791	0.058194876
20151001	1	0.5	12.249761	0.072047949
20151001	1	0.5	12.822141	0.082131267
20151001	1	0.5	13.259497	0.089046776
20151001	1	0.5	12.198587	0.059892356
20151001	1	0.5	16.924091	0.096460462
20151001	1	0.5	12.135077	0.077760458
20151001	1	0.5	14.676765	0.074350357
20151001	1	0.5	14.308614	0.074592948
20151001	1	0.5	11.435699	0.048778176
20151001	1	0.5	15.106709	0.11630368
20151001	1	0.5	13.688258	0.11780745
20151001	1	0.5	11.550954	0.059137106
20151001	1	0.5	13.792698	0.11987895
20151001	1	0.5	18.284805	0.04871583
20151001	1	0.5	10.85801	0.02733618
20151001	1	0.5	12.830748	0.11166734
20151001	1	0.5	15.186877	0.072129488
20151001	1	0.5	13.265046	0.091825068
20151001	1	0.5	15.666316	0.096435487
20151001	1	0.5	14.636596	0.092107415
20151001	1	0.5	12.63423	0.086397231
20151001	1	0.5	15.118882	0.088534653
20151001	1	0.5	15.31235	0.085460901
20151001	1	0.5	13.378295	0.072632372
20151001	1	0.5	10.99273	0.09289974
20151001	1	0.5	13.954488	0.060172975
20151001	1	0.5	12.984688	0.066154361
20151001	1	0.5	11.930186	0.055792928
20151001	1	0.5	20.277214	0.11777359
20151001	1	0.5	10.891846	0.13355047
20151001	1	0.5	11.671379	0.11006618
20151001	1	0.5	15.743635	0.14575177
20151001	1	0.5	12.372306	0.07193321
20151001	1	0.5	11.96714	0.055706739
20151001	1	0.5	13.859234	0.057446778
20151001	1	0.5	15.37231	0.074331105
20151001	1	0.5	12.747309	0.065503359
20151001	1	0.5	17.749723	0.13949174
20151001	1	0.5	15.218343	0.092178345
20151001	1	0.5	14.624021	0.067500591
20151001	1	0.5	13.317647	0.13142735
20151001	1	0.5	14.576135	0.12834817
20151001	1	0.5	15.230427	0.090699673
20151001	1	0.5	18.677044	0.070104241
20151001	1	0.5	12.234732	0.063899219
20151001	1	0.5	14.300897	0.083818972
20151001	1	0.5	12.528942	0.053010941
20151001	1	0.5	13.891058	0.068208992
20151001	1	0.5	12.086463	0.096734583
20151001	1	0.5	11.908576	0.083424807
20151001	1	0.5	11.132431	0.018794179
20151001	1	0.5	13.569462	0.068508506
20151001	1	0.5	15.121316	0.079622626
20151001	1	0.5	12.724195	0.094851434
20151001	1	0.5	11.771834	0.053487659
20151001	1	0.5	15.668665	0.074994862
20151001	1	0.5	14.641623	0.10781717
20151001	1	0.5	17.545385	0.17590624
20151001	1	0.5	12.944953	0.075411499
20151001	1	0.5	16.815031	0.10868472
20151001	1	0.5	16.603622	0.15377045
20151001	1	0.5	14.352264	0.077807188
20151001	1	0.5	17.376797	0.15010017
20151001	1	0.5	14.878457	0.086663365
20151001	1	0.5	12.499538	0.082702219
20151001	1	0.5	12.939266	0.095244288
20151001	1	0.5	13.444144	0.093383908
20151001	1	0.5	12.910798	0.095753908
20151001	1	0.5	13.405771	0.099961638
20151001	1	0.5	16.097261	0.08222115
20151001	1	0.5	11.254065	0.059826195
20151001	1	0.5	12.21366	0.077744007
20151001	1	0.5	14.646648	0.076478243
20151001	1	0.5	15.13591	0.070755303
20151001	1	0.5	8.2862835	0.051858425
20151001	1	0.5	13.914878	0.079135418
20151001	1	0.5	13.086308	0.079855919
20151001	1	0.5	12.996018	0.087224066
20151001	1	0.5	15.945679	0.081714928
20151001	1	0.5	14.634082	0.073022962
20151001	1	0.5	14.103991	0.087035
20151001	1	0.5	13.757974	0.12756789
20151001	1	0.5	12.981854	0.080972016
20151001	1	0.5	14.145672	0.087459326
20151001	1	0.5	12.473016	0.078126848
20151001	1	0.5	13.466022	0.10729587
20151001	1	0.5	15.527121	0.091884434
20151001	1	0.5	12.520128	0.07404989
20151001	1	0.5	13.765995	0.091785729
20151001	1	0.5	12.672034	0.10414916
20151001	1	0.5	14.646648	0.073936045
20151001	1	0.5	13.39204	0.062250912
20151001	1	0.5	13.474218	0.078591049
20151001	1	0.5	15.357941	0.0676018
20151001	1	0.5	12.552416	0.062761128
20151001	1	0.5	16.0446	0.12032115
20151001	1	0.5	13.234497	0.064819098
20151001	1	0.5	12.523067	0.058238029
20151001	1	0.5	15.273853	0.099232197
20151001	1	0.5	12.729978	0.069087505
20151001	1	0.5	15.350752	0.094102681
20151001	1	0.5	12.493649	0.082775593
20151001	1	0.5	12.378252	0.07665503
20151001	1	0.5	14.789156	0.079507172
20151001	1	0.5	13.114397	0.0772838
20151001	1	0.5	14.964767	0.06251359
20151001	1	0.5	15.408174	0.1011591
20151001	1	0.5	12.306702	0.069771469
20151001	1	0.5	13.468755	0.075154364
20151001	1	0.5	12.138108	0.066571712
20151001	1	0.5	12.885122	0.074355721
20151001	1	0.5	12.706832	0.086206734
20151001	1	0.5	11.874538	0.065120995
20151001	1	0.5	20.220882	0.097078741
20151001	1	0.5	13.601964	0.092198014
20151001	1	0.5	10.769538	0.082944393
20151001	1	0.5	13.542317	0.085977077
20151001	1	0.5	13.438669	0.07828629
20151001	1	0.5	13.655961	0.087255299
20151001	1	0.5	12.189535	0.071654201
20151001	1	0.5	12.422763	0.084058225
20151001	1	0.5	13.808697	0.075460017
20151001	1	0.5	14.40345	0.075962007
20151001	1	0.5	13.170395	0.071406901
20151001	1	0.5	13.798034	0.12416106
20151001	1	0.5	14.070033	0.097655833
20151001	1	0.5	13.39204	0.081261277
20151001	1	0.5	13.012996	0.070896566
20151001	1	0.5	13.574884	0.097619236
20151001	1	0.5	16.817219	0.0805704
20151001	1	0.5	12.156284	0.076740742
20151001	1	0.5	11.358211	0.074533641
20151001	1	0.5	14.398339	0.06687963
20151001	1	0.5	20.120548	0.14322221
20151001	1	0.5	14.421322	0.07213974
20151001	1	0.5	11.570053	0.067827523
20151001	1	0.5	12.437564	0.067207515
20151001	1	0.5	11.765581	0.055660427
20151001	1	0.5	12.859395	0.070319772
20151001	1	0.5	16.639044	0.12103808
20151001	1	0.5	15.215924	0.10296345
20151001	1	0.5	14.439172	0.14094234
20151001	1	0.5	12.58462	0.083869457
20151001	1	0.5	15.4511	0.089947701
20151001	1	0.5	12.885122	0.069425166
20151001	1	0.5	12.428685	0.056823432
20151001	1	0.5	12.810657	0.058223963
20151001	1	0.5	14.205375	0.10393208
20151001	1	0.5	15.237673	0.1416018
20151001	1	0.5	13.16201	0.054591417
20151001	1	0.5	13.993986	0.11422652
20151001	1	0.5	13.012996	0.081553876
20151001	1	0.5	15.880934	0.087650597
20151001	1	0.5	14.611434	0.09493053
20151001	1	0.5	16.147472	0.090383291
20151001	1	0.5	12.372306	0.078974545
20151001	1	0.5	12.15931	0.061909497
20151001	1	0.5	11.496672	0.071305156
20151001	1	0.5	15.536597	0.093314707
20151001	1	0.5	12.458257	0.083110929
20151001	1	0.5	14.766746	0.081191719
20151001	1	0.5	13.763322	0.060257494
20151001	1	0.5	12.622574	0.07356149
20151001	1	0.5	13.774012	0.062881649
20151001	1	0.5	12.648783	0.078021288
20151001	1	0.5	14.576135	0.079877138
20151001	1	0.5	14.306042	0.053083658
20151001	1	0.5	14.145672	0.073969662
20151001	1	0.5	13.212235	0.096374571
20151001	1	0.5	16.204342	0.078265369
20151001	1	0.5	14.444267	0.066119194
20151001	1	0.5	14.922907	0.09307909
20151001	1	0.5	12.26777	0.063316345
20151001	1	0.5	13.328694	0.07237792
20151001	1	0.5	14.868561	0.083693862
20151001	1	0.5	13.334215	0.10788816
20151001	1	0.5	15.557898	0.11975282
20151001	1	0.5	15.37231	0.078198075
20151001	1	0.5	15.023664	0.092442095
20151001	1	0.5	15.680403	0.10888177
20151001	1	0.5	15.961824	0.11468679
20151001	1	0.5	16.963184	0.076576531
20151001	1	0.5	12.60799	0.066001415
20151001	1	0.5	11.927101	0.06365937
20151001	1	0.5	12.195571	0.055427969
20151001	1	0.5	12.819271	0.076198518
20151001	1	0.5	12.970511	0.080719411
20151001	1	0.5	14.984425	0.082105219
20151001	1	0.5	12.683644	0.087366402
20151001	1	0.5	11.709151	0.068231881
20151001	1	0.5	12.987522	0.12621278
20151001	1	0.5	13.645179	0.078731716
20151001	1	0.5	13.223372	0.073076904
20151001	1	0.5	14.656694	0.13489622
20151001	1	0.5	13.223372	0.070890307
20151001	1	0.5	13.5396	0.074461699
20151001	1	0.5	16.411924	0.11927736
20151001	1	0.5	12.996018	0.088597894
20151001	1	0.5	13.720478	0.1060043
20151001	1	0.5	12.94211	0.0833987
20151001	1	0.5	12.013174	0.059521377
20151001	1	0.5	12.657507	0.083499432
20151001	1	0.5	15.536597	0.081299007
20151001	1	0.5	14.510351	0.10172725
20151001	1	0.5	13.5396	0.050305188
20151001	1	0.5	13.577595	0.071664155
20151001	1	0.5	13.986095	0.078937948
20151001	1	0.5	13.265046	0.084014416
20151001	1	0.5	12.973348	0.089934587
20151001	1	0.5	15.687441	0.10594922
20151001	1	0.5	12.294736	0.061740875
20151001	1	0.5	13.845953	0.09409517
20151001	1	0.5	16.094975	0.11030936
20151001	1	0.5	14.054333	0.065719306
20151001	1	0.5	16.303951	0.09648788
20151001	1	0.5	15.290708	0.09342593
20151001	1	0.5	14.439172	0.024314046
20151001	1	0.5	15.548434	0.10954744
20151001	1	0.5	15.982558	0.10261261
20151001	1	0.5	16.48798	0.12253106
20151001	1	0.5	13.528725	0.090251446
20151001	1	0.5	12.046821	0.078785419
20151001	1	0.5	15.560263	0.095491171
20151001	1	0.5	13.763322	0.06776458
20151001	1	0.5	14.950006	0.090653121
20151001	1	0.5	13.058161	0.091456592
20151001	1	0.5	13.181565	0.057274103
20151001	1	0.5	13.145225	0.081916392
20151001	1	0.5	12.933578	0.049759209
20151001	1	0.5	13.331455	0.058763742
20151001	1	0.5	12.692345	0.1106227
20151001	1	0.5	11.960989	0.075301707
20151001	1	0.5	13.490593	0.078433335
20151001	1	0.5	15.228011	0.092927754
20151001	1	0.5	12.89654	0.060625196
20151001	1	0.5	12.26777	0.056334436
20151001	1	0.5	15.055471	0.11582392
20151001	1	0.5	13.328694	0.092729151
20151001	1	0.5	13.768667	0.091028869
20151001	1	0.5	12.189535	0.056625605
20151001	1	0.5	15.377096	0.11119306
20151001	1	0.5	12.02848	0.095456898
20151001	1	0.5	16.344524	0.11194122
20151001	1	0.5	14.814015	0.092811286
20151001	1	0.5	15.60277	0.073618174
20151001	1	0.5	15.350752	0.098537564
20151001	1	0.5	13.145225	0.062689602
20151001	1	0.5	12.473016	0.10709286
20151001	1	0.5	11.746801	0.089442313
20151001	1	0.5	13.626289	0.068533063
20151001	1	0.5	14.871036	0.085965455
20151001	1	0.5	16.784367	0.086858392
20151001	1	0.5	13.298292	0.11319357
20151001	1	0.5	20.782656	0.11284405
20151001	1	0.5	14.37532	0.098921537
20151001	1	0.5	12.396076	0.058808744
20151001	1	0.5	16.59919	0.11900675
20151001	1	0.5	13.164805	0.085357726
20151001	1	0.5	16.596973	0.09350121
20151001	1	0.5	12.870835	0.082905352
20151001	1	0.5	12.890832	0.08351779
20151001	1	0.5	13.038421	0.069583476
20151001	1	0.5	13.517841	0.10115021
20151001	1	0.5	16.836899	0.093054891
20151001	1	0.5	14.555925	0.085603476
20151001	1	0.5	12.330598	0.096119583
20151001	1	0.5	13.449617	0.078521967
20151001	1	0.5	14.8165	0.1044988
20151001	1	0.5	14.482429	0.078475535
20151001	1	0.5	12.628403	0.093467057
20151001	1	0.5	12.842215	0.095308304
20151001	1	0.5	15.331564	0.09466958
20151001	1	0.5	15.609843	0.094996095
20151001	1	0.5	14.119636	0.10481399
20151001	1	0.5	14.789156	0.12048662
20151001	1	0.5	14.576135	0.10255593
20151001	1	0.5	14.558453	0.076172531
20151001	1	0.5	13.325933	0.11230463
20151001	1	0.5	13.731201	0.066469014
20151001	1	0.5	13.00168	0.066786706
20151001	1	0.5	12.458257	0.06543076
20151001	1	0.5	16.78875	0.08575958
20151001	1	0.5	14.749292	0.089920938
20151001	1	0.5	13.930736	0.063622057
20151001	1	0.5	14.70682	0.081314743
20151001	1	0.5	11.927101	0.077285945
20151001	1	0.5	14.828912	0.10091621
20151001	1	0.5	17.353489	0.10097444
20151001	1	0.5	14.421322	0.090179503
20151001	1	0.5	11.77496	0.075570405
20151001	1	0.5	11.970215	0.0621261
20151001	1	0.5	14.73931	0.068736911
20151001	1	0.5	11.840403	0.080142975
20151001	1	0.5	13.433191	0.058800459
20151001	1	0.5	12.252764	0.065282643
20151001	1	0.5	14.150873	0.073388517
20151001	1	0.5	14.064801	0.063387871
20151001	1	0.5	13.959761	0.12927169
20151001	1	0.5	15.011413	0.082797348
20151001	1	0.5	11.066127	0.064278722
20151001	1	0.5	17.414871	0.084833026
20151001	1	0.5	14.856181	0.059406579
20151001	1	0.5	12.799162	0.082770228
20151001	1	0.5	14.754281	0.066741347
20151001	1	0.5	12.885122	0.063311756
20151001	1	0.5	11.924016	0.077130616
20151001	1	0.5	14.24676	0.10487765
20151001	1	0.5	13.626289	0.10458297
20151001	1	0.5	13.612781	0.066637576
20151001	1	0.5	13.367288	0.10574585
20151001	1	0.5	13.027126	0.095679283
20151001	1	0.5	12.686545	0.078123212
20151001	1	0.5	13.405771	0.07739681
20151001	1	0.5	15.901773	0.12107909
20151001	1	0.5	15.276262	0.080384552
20151001	1	0.5	12.605071	0.075799465
20151001	1	0.5	12.862256	0.090928853
20151001	1	0.5	13.837977	0.066598058
20151001	1	0.5	14.661715	0.066004038
20151001	1	0.5	13.690946	0.11646903
20151001	1	0.5	13.490593	0.077221632
20151001	1	0.5	14.37532	0.071801066
20151001	1	0.5	15.917963	0.082028747
20151001	1	0.5	13.430452	0.11676735
20151001	1	0.5	15.177182	0.10805756
20151001	1	0.5	13.145225	0.084192097
20151001	1	0.5	12.890832	0.061318934
20151001	1	0.5	15.028562	0.10846341
20151001	1	0.5	14.056951	0.071242273
20151001	1	0.5	12.02542	0.062522829
20151001	1	0.5	14.101381	0.12719852
20151001	1	0.5	11.652448	0.080948174
20151001	1	0.5	13.209451	0.10820121
20151001	1	0.5	11.871439	0.070316553
20151001	1	0.5	12.357426	0.086098671
20151001	1	0.5	14.192417	0.098803699
20151001	1	0.5	11.522249	0.046970248
20151001	1	0.5	12.590466	0.091791332
20151001	1	0.5	14.035994	0.069531143
20151001	1	0.5	13.298292	0.071394384
20151001	1	0.5	14.352264	0.061320782
20151001	1	0.5	12.455303	0.071470618
20151001	1	0.5	14.062184	0.087768793
20151001	1	0.5	14.616469	0.10368228
20151001	1	0.5	14.699312	0.069589674
20151001	1	0.5	12.981854	0.076118648
20151001	1	0.5	12.458257	0.10485613
20151001	1	0.5	12.107756	0.070242703
20151001	1	0.5	13.906943	0.078782618
20151001	1	0.5	13.707063	0.10804021
20151001	1	0.5	13.474218	0.10789365
20151001	1	0.5	14.088327	0.080320895
20151001	1	0.5	12.165361	0.090021968
20151001	1	0.5	12.279762	0.050671875
20151001	1	0.5	12.204619	0.078894138
20151001	1	0.5	13.580305	0.056364179
20151001	1	0.5	14.226083	0.084224105
20151001	1	0.5	14.709322	0.1252737
20151001	1	0.5	14.326603	0.048732102
20151001	1	0.5	12.885122	0.093704581
20151001	1	0.5	16.472349	0.12501007
20151001	1	0.5	14.669242	0.12918293
20151001	1	0.5	14.659204	0.065020442
20151001	1	0.5	12.007047	0.091846526
20151001	1	0.5	14.576135	0.078158796
20151001	1	0.5	11.687133	0.06779331
20151001	1	0.5	14.298324	0.083119452
20151001	1	0.5	12.71841	0.080249548
20151001	1	0.5	13.128419	0.086415172
20151001	1	0.5	13.32041	0.11752337
20151001	1	0.5	15.101836	0.10420108
20151001	1	0.5	13.623589	0.099137783
20151001	1	0.5	13.843295	0.058270514
20151001	1	0.5	12.523067	0.070512235
20151001	1	0.5	12.528942	0.061177313
20151001	1	0.5	11.78433	0.058119178
20151001	1	0.5	13.139626	0.11605352
20151001	1	0.5	14.334307	0.075095534
20151001	1	0.5	13.178774	0.095558465
20151001	1	0.5	18.078373	0.1855337
20151001	1	0.5	13.178774	0.04618448
20151001	1	0.5	13.108785	0.084029555
20151001	1	0.5	12.240746	0.052699983
20151001	1	0.5	14.298324	0.074420631
20151001	1	0.5	16.371519	0.068941951
20151001	1	0.5	13.954488	0.095612109
20151001	1	0.5	10.942405	0.043951631
20151001	1	0.5	13.256721	0.066708863
20151001	1	0.5	15.783319	0.070141435
20151001	1	0.5	12.138108	0.066828787
20151001	1	0.5	14.18723	0.083330631
20151001	1	0.5	14.416218	0.085405886
20151001	1	0.5	13.348005	0.069182932
20151001	1	0.5	13.588431	0.09458071
20151001	1	0.5	14.831393	0.082583606
20151001	1	0.5	13.637086	0.089472175
20151001	1	0.5	12.764617	0.06031692
20151001	1	0.5	15.727266	0.10293037
20151001	1	0.5	12.234732	0.056033194
20151001	1	0.5	13.946574	0.080458164
20151001	1	0.5	15.203828	0.096211672
20151001	1	0.5	14.56856	0.074456632
20151001	1	0.5	14.818983	0.046910346
20151001	1	0.5	13.835319	0.092711449
20151001	1	0.5	15.815924	0.12819755
20151001	1	0.5	12.993187	0.091651499
20151001	1	0.5	16.806274	0.091872275
20151001	1	0.5	13.880459	0.089505851
20151001	1	0.5	16.978361	0.084636807
20151001	1	0.5	13.173188	0.076908588
20151001	1	0.5	11.674532	0.038587153
20151001	1	0.5	17.576815	0.15960038
20151001	1	0.5	14.228669	0.079213321
20151001	1	0.5	12.936422	0.10086322
20151001	1	0.5	12.546552	0.047550678
20151001	1	0.5	13.089121	0.085576296
20151001	1	0.5	12.276765	0.054890394
20151001	1	0.5	11.614492	0.066398263
20151001	1	0.5	12.165361	0.080817878
20151001	1	0.5	12.431645	0.063271821
20151001	1	0.5	8.0429134	0.072015107
20151001	1	0.5	13.28168	0.079259515
20151001	1	0.5	13.588431	0.10936713
20151001	1	0.5	14.380439	0.09621954
20151001	1	0.5	14.500204	0.095043778
20151001	1	0.5	14.117029	0.073049545
20151001	1	0.5	13.427712	0.07015866
20151001	1	0.5	12.387168	0.097431064
20151001	1	0.5	13.292757	0.060272813
20151001	1	0.5	11.970215	0.091013849
20151001	1	0.5	12.979019	0.08264178
20151001	1	0.5	12.225706	0.070475638
20151001	1	0.5	14.318896	0.05460453
20151001	1	0.5	13.455088	0.11068535
20151001	1	0.5	14.054333	0.074056029
20151001	1	0.5	13.345248	0.077169716
20151001	1	0.5	14.789156	0.067201734
20151001	1	0.5	13.615483	0.072448194
20151001	1	0.5	12.339547	0.055566609
20151001	1	0.5	12.490704	0.066153467
20151001	1	0.5	13.212235	0.07170254
20151001	1	0.5	13.430452	0.06821847
20151001	1	0.5	11.582767	0.12356883
20151001	1	0.5	13.206664	0.093290091
20151001	1	0.5	13.864543	0.10588759
20151001	1	0.5	15.15049	0.092509806
20151001	1	0.5	12.964836	0.081325948
20151001	1	0.5	15.035905	0.10322231
20151001	1	0.5	12.384196	0.086358666
20151001	1	0.5	16.545902	0.1519497
20151001	1	0.5	16.610271	0.13599819
20151001	1	0.5	15.706195	0.11595929
20151001	1	0.5	15.106709	0.086390316
20151001	1	0.5	12.156284	0.061922848
20151001	1	0.5	15.331564	0.0765329
20151001	1	0.5	14.664224	0.068238735
20151001	1	0.5	14.124846	0.080790281
20151001	1	0.5	13.111591	0.069900513
20151001	1	0.5	18.080408	0.080786705
20151001	1	0.5	11.351729	0.054151952
20151001	1	0.5	12.528942	0.087788701
20151001	1	0.5	12.973348	0.077575028
20151001	1	0.5	14.848749	0.08827281
20151001	1	0.5	12.010111	0.086145401
20151001	1	0.5	15.028562	0.11071384
20151001	1	0.5	12.82501	0.068245351
20151001	1	0.5	13.840636	0.065686643
20151001	1	0.5	14.989335	0.080612719
20151001	1	0.5	15.876299	0.09861356
20151001	1	0.5	12.53775	0.077854156
20151001	1	0.5	15.353148	0.090583861
20151001	1	0.5	15.841496	0.088629425
20151001	1	0.5	13.024302	0.081393063
20151001	1	0.5	14.789156	0.094199121
20151001	1	0.5	15.070128	0.10726714
20151001	1	0.5	12.862256	0.077311397
20151001	1	0.5	14.818983	0.094531775
20151001	1	0.5	12.964836	0.06531477
20151001	1	0.5	15.904087	0.046155572
20151001	1	0.5	12.470065	0.059485316
20151001	1	0.5	15.244916	0.11575598
20151001	1	0.5	10.965918	0.05880022
20151001	1	0.5	14.331739	0.076151967
20151001	1	0.5	14.259668	0.070379734
20151001	1	0.5	13.555897	0.088371992
20151001	1	0.5	13.68288	0.071615577
20151001	1	0.5	15.531859	0.14815003
20151001	1	0.5	12.729978	0.087577641
20151001	1	0.5	14.54581	0.063523412
20151001	1	0.5	12.455303	0.083751142
20151001	1	0.5	13.699007	0.090990543
20151001	1	0.5	13.314884	0.080772102
20151001	1	0.5	12.648783	0.07438755
20151001	1	0.5	12.14114	0.043803453
20151001	1	0.5	14.390671	0.082688272
20151001	1	0.5	14.903168	0.089119494
20151001	1	0.5	14.446815	0.084423661
20151001	1	0.5	14.37532	0.055164635
20151001	1	0.5	12.622574	0.071486235
20151001	1	0.5	13.755299	0.093920171
20151001	1	0.5	12.907948	0.083276033
20151001	1	0.5	13.317647	0.099101961
20151001	1	0.5	12.712623	0.062270701
20151001	1	0.5	12.706832	0.066055596
20151001	1	0.5	9.0909414	0.050066352
20151001	1	0.5	12.581696	0.11178607
20151001	1	0.5	14.088327	0.11632484
20151001	1	0.5	16.340021	0.082000136
20151001	1	0.5	12.58462	0.067197025
20151001	1	0.5	16.543678	0.11353552
20151001	1	0.5	14.843793	0.077332497
20151001	1	0.5	13.245614	0.071251631
20151001	1	0.5	13.983463	0.11153555
20151001	1	0.5	12.113832	0.076463461
20151001	1	0.5	14.903168	0.10021967
20151001	1	0.5	13.512396	0.11759651
20151001	1	0.5	16.222498	0.084537506
20151001	1	0.5	15.743635	0.14032513
20151001	1	0.5	12.602152	0.073260248
20151001	1	0.5	14.156074	0.10556835
20151001	1	0.5	13.938657	0.070471287
20151001	1	0.5	18.272726	0.13822442
20151001	1	0.5	15.331564	0.056252956
20151001	1	0.5	12.572919	0.063014746
20151001	1	0.5	14.78169	0.061350882
20151001	1	0.5	13.41126	0.094481647
20151001	1	0.5	20.579824	0.089773297
20151001	1	0.5	15.491532	0.046770453
20151001	1	0.5	15.016315	0.060572088
20151001	1	0.5	14.23384	0.029753387
20151001	1	0.5	13.041243	0.081730843
20151001	1	0.5	15.472519	0.14960039
20151001	1	0.5	13.248392	0.073049724
20151001	1	0.5	13.26782	0.07168752
20151001	1	0.5	13.245614	0.090453327
20151001	1	0.5	14.851227	0.064028203
20151001	1	0.5	14.098772	0.081702292
20151001	1	0.5	14.553397	0.092162311
20151001	1	0.5	13.201092	0.064594865
20151001	1	0.5	13.383795	0.098137856
20151001	1	0.5	13.441407	0.073106468
20151001	1	0.5	14.119636	0.10314637
20151001	1	0.5	15.922585	0.079785228
20151001	1	0.5	15.989463	0.052405536
20151001	1	0.5	12.216673	0.063745439
20151001	1	0.5	14.947545	0.06565994
20151001	1	0.5	13.749948	0.09700489
20151001	1	0.5	14.843793	0.097034812
20151001	1	0.5	15.131047	0.096037686
20151001	1	0.5	12.031538	0.061255872
20151001	1	0.5	15.319558	0.095925927
20151001	1	0.5	16.681009	0.081453145
20151001	1	0.5	14.236425	0.064220309
20151001	1	0.5	13.5396	0.072283268
20151001	1	0.5	12.602152	0.078722239
20151001	1	0.5	12.561207	0.12666225
20151001	1	0.5	13.864543	0.12789994
20151001	1	0.5	14.756775	0.096806288
20151001	1	0.5	16.360275	0.084107101
20151001	1	0.5	12.294736	0.074462533
20151001	1	0.5	12.315668	0.080794334
20151001	1	0.5	13.359027	0.076601267
20151001	1	0.5	15.771657	0.094542325
20151001	1	0.5	11.715434	0.064801812
20151001	1	0.5	14.512886	0.066597581
20151001	1	0.5	12.939266	0.071158469
20151001	1	0.5	14.974599	0.12111712
20151001	1	0.5	14.472262	0.086062014
20151001	1	0.5	13.585723	0.078295052
20151001	1	0.5	13.999244	0.051866591
20151001	1	0.5	15.729606	0.12855762
20151001	1	0.5	8.1429424	0.012723386
20151001	1	0.5	12.836483	0.0657233
20151001	1	0.5	14.56856	0.12030458
20151001	1	0.5	8.1745129	0.072597861
20151001	1	0.5	13.580305	0.086849451
20151001	1	0.5	11.734264	0.1188944
20151001	1	0.5	15.843818	0.13316286
20151001	1	0.5	13.933376	0.080110908
20151001	1	0.5	15.458243	0.10026801
20151001	1	0.5	14.528091	0.095659018
20151001	1	0.5	13.189938	0.081271648
20151001	1	0.5	12.077327	0.097530544
20151001	1	0.5	13.90165	0.072260559
20151001	1	0.5	13.276137	0.058130562
20151001	1	0.5	13.572173	0.074412048
20151001	1	0.5	14.153474	0.086304724
20151001	1	0.5	12.85367	0.0689165
20151001	1	0.5	14.18723	0.082109749
20151001	1	0.5	11.973289	0.066645563
20151001	1	0.5	11.979433	0.061707258
20151001	1	0.5	14.917974	0.058904707
20151001	1	0.5	15.696821	0.084623516
20151001	1	0.5	13.345248	0.09130168
20151001	1	0.5	13.131221	0.076498687
20151001	1	0.5	13.125615	0.10258108
20151001	1	0.5	13.946574	0.065653801
20151001	1	0.5	15.22076	0.10087407
20151001	1	0.5	17.07992	0.094193935
20151001	1	0.5	13.44688	0.087488711
20151001	1	0.5	12.973348	0.082570076
20151001	1	0.5	12.470065	0.070161164
20151001	1	0.5	16.532553	0.077740312
20151001	1	0.5	13.975567	0.079053402
20151001	1	0.5	12.856533	0.050101399
20151001	1	0.5	17.242874	0.079214036
20151001	1	0.5	12.183496	0.078011453
20151001	1	0.5	16.000965	0.10580403
20151001	1	0.5	14.520491	0.075879276
20151001	1	0.5	13.615483	0.13882148
20151001	1	0.5	14.479888	0.096919119
20151001	1	0.5	16.288145	0.084684312
20151001	1	0.5	15.954906	0.092650235
20151001	1	0.5	13.485137	0.059310496
20151001	1	0.5	17.706135	0.091356039
20151001	1	0.5	13.066611	0.081384063
20151001	1	0.5	13.71243	0.10532022
20151001	1	0.5	15.079892	0.078071833
20151001	1	0.5	15.317156	0.086787641
20151001	1	0.5	13.487865	0.081733286
20151001	1	0.5	11.809284	0.086129487
20151001	1	0.5	13.350761	0.11745065
20151001	1	0.5	15.892514	0.1097362
20151001	1	0.5	13.72316	0.11305416
20151001	1	0.5	13.978199	0.056566477
20151001	1	0.5	13.262272	0.089724898
20151001	1	0.5	14.215733	0.087929368
20151001	1	0.5	13.386544	0.067604423
20151001	1	0.5	13.531445	0.051353335
20151001	1	0.5	12.845079	0.11120576
20151001	1	0.5	13.43593	0.078000128
20151001	1	0.5	12.810657	0.081160188
20151001	1	0.5	14.977057	0.07908088
20151001	1	0.5	15.345957	0.14379066
20151001	1	0.5	12.467114	0.076284766
20151001	1	0.5	15.053027	0.082066536
20151001	1	0.5	12.967674	0.075636029
20151001	1	0.5	12.981854	0.058628559
20151001	1	0.5	16.632408	0.11356223
20151001	1	0.5	14.920442	0.063036144
20151001	1	0.5	15.432036	0.031395435
20151001	1	0.5	12.526005	0.075390756
20151001	1	0.5	12.781901	0.069893658
20151001	1	0.5	12.619658	0.10400993
20151001	1	0.5	13.534163	0.11701608
20151001	1	0.5	12.732867	0.083313525
20151001	1	0.5	11.809284	0.081276298
20151001	1	0.5	12.369331	0.093477547
20151001	1	0.5	12.890832	0.064578891
20151001	1	0.5	10.759283	0.065703154
20151001	1	0.5	17.784931	0.094354093
20151001	1	0.5	14.676765	0.061131239
20151001	1	0.5	13.798034	0.064834833
20151001	1	0.5	12.291742	0.072645724
20151001	1	0.5	13.996614	0.078812957
20151001	1	0.5	13.880459	0.085908234
20151001	1	0.5	15.001605	0.11243272
20151001	1	0.5	13.664042	0.073731959
20151001	1	0.5	12.291742	0.076694071
20151001	1	0.5	16.299437	0.062722504
20151001	1	0.5	18.252579	0.1196574
20151001	1	0.5	12.186516	0.091925144
20151001	1	0.5	21.081499	0.1818549
20151001	1	0.5	16.416409	0.090365171
20151001	1	0.5	13.650571	0.10889363
20151001	1	0.5	13.904297	0.12460232
20151001	1	0.5	14.127452	0.06548357
20151001	1	0.5	14.67175	0.093417704
20151001	1	0.5	15.386665	0.080431342
20151001	1	0.5	14.99179	0.070713818
20151001	1	0.5	13.755299	0.1221801
20151001	1	0.5	14.259668	0.088761508
20151001	1	0.5	13.747271	0.1075542
20151001	1	0.5	11.354971	0.059242725
20151001	1	0.5	13.242836	0.085432231
20151001	1	0.5	16.656727	0.15516287
20151001	1	0.5	14.651672	0.075494826
20151001	1	0.5	13.148024	0.098677635
20151001	1	0.5	13.655961	0.064108372
20151001	1	0.5	14.29575	0.071115494
20151001	1	0.5	14.989335	0.062599301
20151001	1	0.5	13.43593	0.05041492
20151001	1	0.5	12.845079	0.071233273
20151001	1	0.5	12.842215	0.099614084
20151001	1	0.5	12.339547	0.07922101
20151001	1	0.5	12.080373	0.058585167
20151001	1	0.5	12.672034	0.065000117
20151001	1	0.5	17.129398	0.15528214
20151001	1	0.5	13.259497	0.085456848
20151001	1	0.5	18.728197	0.25749421
20151001	1	0.5	14.871036	0.099438012
20151001	1	0.5	13.776682	0.10735333
20151001	1	0.5	16.042307	0.08843416
20151001	1	0.5	13.114397	0.075267553
20151001	1	0.5	12.640053	0.08008945
20151001	1	0.5	15.77399	0.083080769
20151001	1	0.5	14.200193	0.10084713
20151001	1	0.5	13.287219	0.10343254
20151001	1	0.5	12.1472	0.073510587
20151001	1	0.5	16.630196	0.083001852
20151001	1	0.5	16.177071	0.10821521
20151001	1	0.5	13.883109	0.082832158
20151001	1	0.5	14.977057	0.093586802
20151001	1	0.5	12.049874	0.081528246
20151001	1	0.5	14.890818	0.076526821
20151001	1	0.5	13.248392	0.088153064
20151001	1	0.5	13.325933	0.097479939
20151001	1	0.5	12.381225	0.080367327
20151001	1	0.5	14.236425	0.070639193
20151001	1	0.5	17.809742	0.16605824
20151001	1	0.5	17.446537	0.12159836
20151001	1	0.5	15.50815	0.059105575
20151001	1	0.5	15.567355	0.066681564
20151001	1	0.5	14.596316	0.069802225
20151001	1	0.5	13.306591	0.088836074
20151001	1	0.5	13.223372	0.10220939
20151001	1	0.5	14.497665	0.12746108
20151001	1	0.5	14.390671	0.11261499
20151001	1	0.5	14.756775	0.065599799
20151001	1	0.5	13.561324	0.082674026
20151001	1	0.5	13.599258	0.074526429
20151001	1	0.5	13.482409	0.083459973
20151001	1	0.5	15.890199	0.13975954
20151001	1	0.5	12.867976	0.076252699
20151001	1	0.5	13.097551	0.08566767
20151001	1	0.5	15.415336	0.086914718
20151001	1	0.5	13.455088	0.055471659
20151001	1	0.5	14.729321	0.079966009
20151001	1	0.5	14.140469	0.064374566
20151001	1	0.5	12.21366	0.07876277
20151001	1	0.5	12.324629	0.043932259
20151001	1	0.5	13.728521	0.063918889
20151001	1	0.5	15.104273	0.059180319
20151001	1	0.5	13.416746	0.086607277
20151001	1	0.5	12.78478	0.050268054
20151001	1	0.5	15.850783	0.10011828
20151001	1	0.5	13.367288	0.099461973
20151001	1	0.5	13.593846	0.098307848
20151001	1	0.5	12.936422	0.052316606
20151001	1	0.5	12.534815	0.071503639
20151001	1	0.5	14.754281	0.099172056
20151001	1	0.5	11.490269	0.064049661
20151001	1	0.5	9.3503351	0.076826155
20151001	1	0.5	14.517957	0.046932697
20151001	1	0.5	11.954835	0.10324419
20151001	1	0.5	14.875983	0.086657226
20151001	1	0.5	13.782022	0.090697408
20151001	1	0.5	13.669427	0.073294461
20151001	1	0.5	12.996018	0.077722847
20151001	1	0.5	12.303711	0.067646623
20151001	1	0.5	16.565905	0.13108379
20151001	1	0.5	11.576411	0.074291229
20151001	1	0.5	15.638105	0.061021447
20151001	1	0.5	14.676765	0.10305375
20151001	1	0.5	13.139626	0.084875107
20151001	1	0.5	11.936354	0.057543278
20151001	1	0.5	13.21502	0.12921256
20151001	1	0.5	16.720669	0.096871734
20151001	1	0.5	12.793411	0.08887589
20151001	1	0.5	13.696321	0.071722984
20151001	1	0.5	15.082332	0.16759497
20151001	1	0.5	13.027126	0.067933977
20151001	1	0.5	12.961998	0.061773539
20151001	1	0.5	13.444144	0.08110714
20151001	1	0.5	17.008675	0.077138662
20151001	1	0.5	15.465383	0.074123085
20151001	1	0.5	13.375544	0.079844534
20151001	1	0.5	14.254506	0.0845263
20151001	1	0.5	13.666735	0.092567921
20151001	1	0.5	13.270593	0.10256916
20151001	1	0.5	12.17141	0.060385108
20151001	1	0.5	12.651691	0.063318789
20151001	1	0.5	16.416409	0.11862463
20151001	1	0.5	15.489157	0.064097583
20151001	1	0.5	12.75308	0.064571023
20151001	1	0.5	15.654569	0.085258782
20151001	1	0.5	15.225595	0.0709396
20151001	1	0.5	15.121316	0.082223535
20151001	1	0.5	13.256721	0.04762727
20151001	1	0.5	12.764617	0.080759346
20151001	1	0.5	12.255767	0.064186275
20151001	1	0.5	14.858658	0.074373305
20151001	1	0.5	12.095593	0.045133829
20151001	1	0.5	13.301059	0.10342389
20151001	1	0.5	11.924016	0.089478493
20151001	1	0.5	14.3702	0.10511589
20151001	1	0.5	11.661918	0.073621869
20151001	1	0.5	12.976184	0.088768303
20151001	1	0.5	14.651672	0.081857681
20151001	1	0.5	11.859035	0.073266864
20151001	1	0.5	13.917522	0.078083038
20151001	1	0.5	11.927101	0.075916469
20151001	1	0.5	13.561324	0.074447632
20151001	1	0.5	13.829998	0.05359596
20151001	1	0.5	13.463289	0.063814282
20151001	1	0.5	13.599258	0.08367002
20151001	1	0.5	15.957213	0.089974523
20151001	1	0.5	12.770381	0.07672143
20151001	1	0.5	12.651691	0.052183807
20151001	1	0.5	12.810657	0.050707102
20151001	1	0.5	15.626336	0.093845308
20151001	1	0.5	14.510351	0.10531062
20151001	1	0.5	15.228011	0.11448562
20151001	1	0.5	14.28545	0.087508261
20151001	1	0.5	13.195516	0.060670316
20151001	1	0.5	15.016315	0.13950229
20151001	1	0.5	14.282874	0.08269608
20151001	1	0.5	14.3497	0.077867031
20151001	1	0.5	16.31974	0.10443038
20151001	1	0.5	14.041236	0.089297831
20151001	1	0.5	11.960989	0.070964634
20151001	1	0.5	14.007127	0.071329951
20151001	1	0.5	12.976184	0.078261852
20151001	1	0.5	12.89654	0.081633925
20151001	1	0.5	15.307544	0.11483592
20151001	1	0.5	14.267407	0.099536061
20151001	1	0.5	13.394788	0.082710564
20151001	1	0.5	13.350761	0.08388865
20151001	1	0.5	11.633486	0.065676272
20151001	1	0.5	15.496282	0.077223659
20151001	1	0.5	11.982505	0.065591931
20151001	1	0.5	14.507814	0.081900418
20151001	1	0.5	13.303825	0.086064398
20151001	1	0.5	14.213144	0.086349845
20151001	1	0.5	13.356273	0.05667156
20151001	1	0.5	15.29552	0.082520485
20151001	1	0.5	14.135263	0.064962149
20151001	1	0.5	12.21366	0.077026129
20151001	1	0.5	14.210555	0.091069162
20151001	1	0.5	15.276262	0.096958995
20151001	1	0.5	12.071232	0.073714852
20151001	1	0.5	13.220588	0.055659115
20151001	1	0.5	12.30072	0.056973875
20151001	1	0.5	14.189824	0.07526511
20151001	1	0.5	12.893686	0.098565102
20151001	1	0.5	13.880459	0.10962999
20151001	1	0.5	14.028127	0.090559363
20151001	1	0.5	15.338762	0.093691349
20151001	1	0.5	14.176853	0.11638862
20151001	1	0.5	11.840403	0.070664048
20151001	1	0.5	15.505777	0.082214713
20151001	1	0.5	14.308614	0.090538859
20151001	1	0.5	13.752624	0.092371047
20151001	1	0.5	15.043245	0.066234648
20151001	1	0.5	13.466022	0.081298232
20151001	1	0.5	17.276985	0.088118672
20151001	1	0.5	12.14114	0.07063669
20151001	1	0.5	14.459543	0.087575912
20151001	1	0.5	16.033129	0.10693204
20151001	1	0.5	12.065133	0.067628741
20151001	1	0.5	13.922809	0.075484335
20151001	1	0.5	12.761734	0.09934026
20151001	1	0.5	15.720245	0.06914562
20151001	1	0.5	11.740535	0.063981295
20151001	1	0.5	12.893686	0.070261359
20151001	1	0.5	15.980255	0.077063441
20151001	1	0.5	11.778084	0.043581247
20151001	1	0.5	14.606397	0.082201242
20151001	1	0.5	12.970511	0.083934247
20151001	1	0.5	12.657507	0.070377529
20151001	1	0.5	13.610078	0.073661745
20151001	1	0.5	11.756195	0.069972098
20151001	1	0.5	12.873693	0.10929286
20151001	1	0.5	11.451776	0.058217227
20151001	1	0.5	11.948678	0.059808314
20151001	1	0.5	12.672034	0.080238819
20151001	1	0.5	14.254506	0.1031462
20151001	1	0.5	11.406702	0.064744413
20151001	1	0.5	13.372792	0.063841105
20151001	1	0.5	12.165361	0.053203344
20151001	1	0.5	13.052524	0.063360691
20151001	1	0.5	13.650571	0.083847106
20151001	1	0.5	12.616742	0.058589518
20151001	1	0.5	13.159214	0.10932493
20151001	1	0.5	11.006111	0.050362527
20151001	1	0.5	14.903168	0.094065547
20151001	1	0.5	11.945598	0.066587806
20151001	1	0.5	13.880459	0.075856686
20151001	1	0.5	13.010168	0.023044407
20151001	1	0.5	13.027126	0.063762128
20151001	1	0.5	12.706832	0.095009148
20151001	1	0.5	14.117029	0.070827425
20151001	1	0.5	13.251169	0.074426472
20151001	1	0.5	15.834525	0.10621846
20151001	1	0.5	12.85367	0.014973164
20151001	1	0.5	13.561324	0.083969235
20151001	1	0.5	13.67481	0.069674373
20151001	1	0.5	13.811361	0.073341668
20151001	1	0.5	15.477274	0.078889191
20151001	1	0.5	13.628989	0.078668177
20151001	1	0.5	12.089507	0.076350689
20151001	1	0.5	12.796288	0.097634852
20151001	1	0.5	14.950006	0.076102734
20151001	1	0.5	14.179448	0.084020972
20151001	1	0.5	13.763322	0.10489506
20151001	1	0.5	15.101836	0.068213582
20151001	1	0.5	14.030749	0.063475609
20151001	1	0.5	12.885122	0.081238329
20151001	1	0.5	12.478914	0.074057043
20151001	1	0.5	11.454988	0.061632037
20151001	1	0.5	13.203878	0.059745908
20151001	1	0.5	14.903168	0.082019389
20151001	1	0.5	14.14307	0.094069958
20151001	1	0.5	12.428685	0.084186316
20151001	1	0.5	14.917974	0.074701011
20151001	1	0.5	13.378295	0.10356373
20151001	1	0.5	14.644135	0.082275152
20151001	1	0.5	12.6546	0.081311822
20151001	1	0.5	12.428685	0.090768754
20151001	1	0.5	13.943936	0.1046719
20151001	1	0.5	11.119202	0.06126368
20151001	1	0.5	12.228715	0.071186841
20151001	1	0.5	11.531826	0.066631973
20151001	1	0.5	14.945083	0.12234515
20151001	1	0.5	16.449995	0.091295302
20151001	1	0.5	15.252155	0.083798647
20151001	1	0.5	13.339733	0.049728334
20151001	1	0.5	13.832659	0.087216079
20151001	1	0.5	12.15931	0.060444951
20151001	1	0.5	13.253945	0.072318494
20151001	1	0.5	12.526005	0.07888186
20151001	1	0.5	14.659204	0.089580357
20151001	1	0.5	15.252155	0.089850962
20151001	1	0.5	11.753064	0.071320832
20151001	1	0.5	13.325933	0.079347849
20151001	1	0.5	12.741534	0.056535125
20151001	1	0.5	12.724195	0.05598557
20151001	1	0.5	11.066127	0.049070895
20151001	1	0.5	15.762321	0.16912413
20151001	1	0.5	11.608154	0.037366748
20151001	1	0.5	13.184357	0.069224119
20151001	1	0.5	15.055471	0.084125698
20151001	1	0.5	13.912233	0.06423831
20151001	1	0.5	14.122241	0.094945967
20151001	1	0.5	13.893707	0.0868572
20151001	1	0.5	16.224766	0.092180014
20151001	1	0.5	13.359027	0.078029513
20151001	1	0.5	12.781901	0.081790745
20151001	1	0.5	14.342006	0.078143954
20151001	1	0.5	14.935231	0.076201797
20151001	1	0.5	18.59807	0.20190787
20151001	1	0.5	14.01238	0.078917682
20151001	1	0.5	15.899459	0.090144336
20151001	1	0.5	13.693633	0.12086618
20151001	1	0.5	14.674258	0.095433712
20151001	1	0.5	12.416838	0.08397454
20151001	1	0.5	15.557898	0.078530014
20151001	1	0.5	13.427712	0.070230663
20151001	1	0.5	15.982558	0.0839082
20151001	1	0.5	17.060518	0.21131235
20151001	1	0.5	13.178774	0.11728233
20151001	1	0.5	13.16201	0.068349779
20151001	1	0.5	12.490704	0.074216425
20151001	1	0.5	12.628403	0.096174955
20151001	1	0.5	15.61927	0.096606255
20151001	1	0.5	12.261769	0.080535591
20151001	1	0.5	13.877807	0.077481747
20151001	1	0.5	14.791644	0.074326098
20151001	1	0.5	12.616742	0.053057313
20151001	1	0.5	14.269986	0.10004753
20151001	1	0.5	13.131221	0.098127306
20151001	1	0.5	15.191722	0.074138224
20151001	1	0.5	12.616742	0.054620564
20151001	1	0.5	13.356273	0.014747143
20151001	1	0.5	15.647515	0.093890429
20151001	1	0.5	13.965031	0.078492105
20151001	1	0.5	15.50103	0.082794249
20151001	1	0.5	14.910573	0.091332555
20151001	1	0.5	12.53775	0.087727666
20151001	1	0.5	14.017631	0.099669576
20151001	1	0.5	16.007862	0.088763297
20151001	1	0.5	12.899393	0.06626004
20151001	1	0.5	10.752441	0.050788403
20151001	1	0.5	15.652218	0.098948538
20151001	1	0.5	13.574884	0.10885215
20151001	1	0.5	12.930733	0.075656414
20151001	1	0.5	13.066611	0.063762903
20151001	1	0.5	11.89621	0.085182786
20151001	1	0.5	13.28445	0.070248842
20151001	1	0.5	14.883403	0.078218818
20151001	1	0.5	12.58462	0.063057899
20151001	1	0.5	15.341161	0.07556355
20151001	1	0.5	13.564037	0.083530664
20151001	1	0.5	15.583893	0.076753855
20151001	1	0.5	15.386665	0.10002118
20151001	1	0.5	12.590466	0.060460687
20151001	1	0.5	12.071232	0.063336074
20151001	1	0.5	12.75308	0.084002316
20151001	1	0.5	13.498773	0.085982442
20151001	1	0.5	15.482028	0.10351992
20151001	1	0.5	14.137866	0.097636402
20151001	1	0.5	13.733881	0.090303302
20151001	1	0.5	15.562628	0.10827482
20151001	1	0.5	15.569719	0.073752046
20151001	1	0.5	13.832659	0.065239847
20151001	1	0.5	12.02848	0.062633097
20151001	1	0.5	15.538965	0.080230772
20151001	1	0.5	12.648783	0.096134186
20151001	1	0.5	12.862256	0.057746768
20151001	1	0.5	12.813529	0.068938792
20151001	1	0.5	14.538218	0.080218196
20151001	1	0.5	13.962396	0.065087795
20151001	1	0.5	12.862256	0.076652765
20151001	1	0.5	18.596092	0.096309125
20151001	1	0.5	13.988726	0.092562914
20151001	1	0.5	13.339733	0.075861335
20151001	1	0.5	14.339439	0.089736044
20151001	1	0.5	12.578771	0.059182167
20151001	1	0.5	15.172333	0.11927885
20151001	1	0.5	19.155571	0.074336231
20151001	1	0.5	14.406004	0.067479968
20151001	1	0.5	14.967226	0.082531273
20151001	1	0.5	13.650571	0.075517356
20151001	1	0.5	14.833874	0.11744446
20151001	1	0.5	12.016237	0.061933339
20151001	1	0.5	13.912233	0.11258954
20151001	1	0.5	12.186516	0.061503351
20151001	1	0.5	12.683644	0.063953161
20151001	1	0.5	13.487865	0.014720857
20151001	1	0.5	12.342529	0.075260937
20151001	1	0.5	17.890137	0.15358466
20151001	1	0.5	13.517841	0.075203001
20151001	1	0.5	12.09255	0.065317094
20151001	1	0.5	13.228935	0.081003666
20151001	1	0.5	13.925451	0.065150619
20151001	1	0.5	14.054333	0.059615552
20151001	1	0.5	13.148024	0.11115617
20151001	1	0.5	12.790535	0.071121931
20151001	1	0.5	14.558453	0.10153759
20151001	1	0.5	13.334215	0.12623531
20151001	1	0.5	14.277719	0.091842592
20151001	1	0.5	14.913041	0.075951874
20151001	1	0.5	14.954928	0.10546213
20151001	1	0.5	15.722587	0.071575046
20151001	1	0.5	14.636596	0.098639727
20151001	1	0.5	13.596553	0.12051046
20151001	1	0.5	13.864543	0.083035111
20151001	1	0.5	13.808697	0.089171708
20151001	1	0.5	13.512396	0.10511059
20151001	1	0.5	15.405785	0.08596772
20151001	1	0.5	13.378295	0.080620229
20151001	1	0.5	12.407944	0.074520826
20151001	1	0.5	14.226083	0.091365278
20151001	1	0.5	11.778084	0.071601033
20151001	1	0.5	17.560061	0.13506383
20151001	1	0.5	16.149752	0.11250597
20151001	1	0.5	14.161271	0.056358337
20151001	1	0.5	13.203878	0.072110772
20151001	1	0.5	14.18723	0.073651671
20151001	1	0.5	12.464163	0.072120726
20151001	1	0.5	12.581696	0.11040062
20151001	1	0.5	12.60799	0.050719976
20151001	1	0.5	12.92504	0.060678363
20151001	1	0.5	12.431645	0.058748126
20151001	1	0.5	12.360403	0.065315604
20151001	1	0.5	16.010162	0.075427473
20151001	1	0.5	12.628403	0.061713159
20151001	1	0.5	14.08049	0.060413241
20151001	1	0.5	14.598837	0.086310387
20151001	1	0.5	13.564037	0.079076827
20151001	1	0.5	12.288749	0.072093844
20151001	1	0.5	15.198987	0.064279318
20151001	1	0.5	12.416838	0.06413877
20151001	1	0.5	15.362732	0.081973732
20151001	1	0.5	13.86985	0.071840525
20151001	1	0.5	12.339547	0.077801347
20151001	1	0.5	14.101381	0.082717538
20151001	1	0.5	12.761734	0.094000578
20151001	1	0.5	12.231724	0.11437345
20151001	1	0.5	14.163869	0.013097644
20151001	1	0.5	13.5396	0.085061848
20151001	1	0.5	12.701039	0.094661295
20151001	1	0.5	13.569462	0.073140919
20151001	1	0.5	15.668665	0.098996401
20151001	1	0.5	13.814025	0.10772115
20151001	1	0.5	17.6061	0.16553843
20151001	1	0.5	12.153256	0.05918026
20151001	1	0.5	13.131221	0.067194045
20151001	1	0.5	14.676765	0.075801969
20151001	1	0.5	12.514249	0.054278374
20151001	1	0.5	13.536882	0.087747574
20151001	1	0.5	13.455088	0.073956788
20151001	1	0.5	12.870835	0.095371068
20151001	1	0.5	12.407944	0.049171209
20151001	1	0.5	12.189535	0.06762141
20151001	1	0.5	13.455088	0.070436716
20151001	1	0.5	15.096963	0.078824341
20151001	1	0.5	11.834186	0.052615643
20151001	1	0.5	12.484811	0.067171097
20151001	1	0.5	16.026241	0.10877687
20151001	1	0.5	16.579227	0.066834509
20151001	1	0.5	12.327614	0.059638798
20151001	1	0.5	17.560061	0.090183854
20151001	1	0.5	15.350752	0.070135891
20151001	1	0.5	12.02236	0.063390434
20151001	1	0.5	13.824676	0.085476696
20151001	1	0.5	11.461411	0.044766784
20151001	1	0.5	14.576135	0.076512814
20151001	1	0.5	17.103601	0.093145013
20151001	1	0.5	12.58462	0.076439738
20151001	1	0.5	12.174432	0.074735522
20151001	1	0.5	13.359027	0.056827247
20151001	1	0.5	13.356273	0.12782633
20151001	1	0.5	13.339733	0.094466388
20151001	1	0.5	14.505278	0.079970717
20151001	1	0.5	13.441407	0.088616967
20151001	1	0.5	12.016237	0.073121071
20151001	1	0.5	13.460556	0.057285666
20151001	1	0.5	11.195057	0.053042889
20151001	1	0.5	13.105977	0.061219513
20151001	1	0.5	14.205375	0.07115823
20151001	1	0.5	13.021476	0.10806865
20151001	1	0.5	14.088327	0.096342146
20151001	1	0.5	13.618186	0.074820876
20151001	1	0.5	13.914878	0.070856094
20151001	1	0.5	13.569462	0.068953335
20151001	1	0.5	11.715434	0.063555598
20151001	1	0.5	12.132044	0.049691975
20151001	1	0.5	14.535687	0.065670133
20151001	1	0.5	14.664224	0.075052202
20151001	1	0.5	12.735757	0.086094379
20151001	1	0.5	15.453482	0.088561058
20151001	1	0.5	13.965031	0.060508847
20151001	1	0.5	19.633682	0.088940561
20151001	1	0.5	13.906943	0.062297165
20151001	1	0.5	12.899393	0.082437992
20151001	1	0.5	14.3702	0.092139125
20151001	1	0.5	15.396228	0.094701231
20151001	1	0.5	13.79003	0.061514139
20151001	1	0.5	13.150822	0.078148663
20151001	1	0.5	14.661715	0.082460105
20151001	1	0.5	15.018764	0.076482296
20151001	1	0.5	13.39204	0.091792166
20151001	1	0.5	15.412949	0.080316067
20151001	1	0.5	13.520563	0.092122257
20151001	1	0.5	12.701039	0.078230023
20151001	1	0.5	17.799408	0.092459619
20151001	1	0.5	12.787658	0.070714116
20151001	1	0.5	13.90165	0.083194554
20151001	1	0.5	13.055343	0.072517991
20151001	1	0.5	12.616742	0.11310267
20151001	1	0.5	13.782022	0.090682507
20151001	1	0.5	13.843295	0.075112343
20151001	1	0.5	13.490593	0.082648098
20151001	1	0.5	12.802037	0.077556312
20151001	1	0.5	12.793411	0.091438353
20151001	1	0.5	12.336565	0.062479317
20151001	1	0.5	11.374397	0.043343723
20151001	1	0.5	19.827635	0.15825546
20151001	1	0.5	14.347136	0.11529702
20151001	1	0.5	15.062801	0.11428374
20151001	1	0.5	15.29552	0.10485429
20151001	1	0.5	15.871662	0.10150677
20151001	1	0.5	12.354448	0.055783629
20151001	1	0.5	14.608915	0.11897957
20151001	1	0.5	14.588751	0.08750999
20151001	1	0.5	12.793411	0.062044382
20151001	1	0.5	14.241593	0.077611864
20151001	1	0.5	13.912233	0.09735477
20151001	1	0.5	14.858658	0.079274595
20151001	1	0.5	13.957124	0.071044981
20151001	1	0.5	15.642811	0.097841084
20151001	1	0.5	14.515422	0.076776206
20151001	1	0.5	14.025503	0.06855768
20151001	1	0.5	18.252579	0.19916463
20151001	1	0.5	15.096963	0.10635608
20151001	1	0.5	12.839349	0.076082706
20151001	1	0.5	13.661349	0.085017383
20151001	1	0.5	14.502741	0.090755045
20151001	1	0.5	12.41091	0.076233029
20151001	1	0.5	14.82643	0.11608315
20151001	1	0.5	12.859395	0.09712708
20151001	1	0.5	13.647875	0.090306103
20151001	1	0.5	12.790535	0.074009001
20151001	1	0.5	12.294736	0.12416202
20151001	1	0.5	13.607373	0.08744663
20151001	1	0.5	13.375544	0.074494898
20151001	1	0.5	15.555532	0.10303158
20151001	1	0.5	12.660414	0.081189096
20151001	1	0.5	13.822014	0.079707026
20151001	1	0.5	16.060646	0.14440989
20151001	1	0.5	14.367639	0.077756763
20151001	1	0.5	12.850807	0.075801909
20151001	1	0.5	12.599232	0.054169178
20151001	1	0.5	13.083497	0.077363729
20151001	1	0.5	13.816689	0.088690817
20151001	1	0.5	12.822141	0.075114667
20151001	1	0.5	14.54581	0.077788472
20151001	1	0.5	13.642482	0.064940453
20151001	1	0.5	14.030749	0.087222874
20151001	1	0.5	12.372306	0.079460263
20151001	1	0.5	13.816689	0.098394036
20151001	1	0.5	12.528942	0.070263803
20151001	1	0.5	13.628989	0.097487807
20151001	1	0.5	14.339439	0.079244137
20151001	1	0.5	15.727266	0.075728655
20151001	1	0.5	11.573233	0.059636772
20151001	1	0.5	12.475965	0.060692251
20151001	1	0.5	12.270769	0.090334475
20151001	1	0.5	13.824676	0.10252076
20151001	1	0.5	12.231724	0.059364974
20151001	1	0.5	15.635753	0.090081275
20151001	1	0.5	14.588751	0.083767235
20151001	1	0.5	14.207965	0.082931459
20151001	1	0.5	14.515422	0.10956895
20151001	1	0.5	11.893116	0.060677171
20151001	1	0.5	12.549484	0.076249778
20151001	1	0.5	13.100361	0.066014111
20151001	1	0.5	15.482028	0.11134654
20151001	1	0.5	12.481863	0.061194003
20151001	1	0.5	13.049705	0.081288397
20151001	1	0.5	15.092088	0.075545609
20151001	1	0.5	15.743635	0.070922971
20151001	1	0.5	12.369331	0.062176883
20151001	1	0.5	15.647515	0.097277045
20151001	1	0.5	15.29552	0.10058129
20151001	1	0.5	12.481863	0.059880972
20151001	1	0.5	17.801476	0.23096985
20151001	1	0.5	12.02236	0.054199338
20151001	1	0.5	12.270769	0.076796293
20151001	1	0.5	12.569992	0.076318145
20151001	1	0.5	12.44348	0.059753716
20151001	1	0.5	14.359954	0.055861592
20151001	1	0.5	13.747271	0.07447511
20151001	1	0.5	11.687133	0.063377023
20151001	1	0.5	12.390138	0.079779148
20151001	1	0.5	14.99179	0.13778073
20151001	1	0.5	16.884912	0.17669851
20151001	1	0.5	14.288026	0.07451117
20151001	1	0.5	14.624021	0.1184023
20151001	1	0.5	14.676765	0.12040335
20151001	1	0.5	10.766122	0.039870381
20151001	1	0.5	16.010162	0.07672286
20151001	1	0.5	13.242836	0.065577745
20151001	1	0.5	15.764656	0.077153385
20151001	1	0.5	14.477346	0.1047501
20151001	1	0.5	12.165361	0.05777514
20151001	1	0.5	12.99885	0.11019057
20151001	1	0.5	13.408516	0.075611174
20151001	1	0.5	13.991356	0.10124338
20151001	1	0.5	12.384196	0.053365052
20151001	1	0.5	13.747271	0.068174899
20151001	1	0.5	15.116448	0.09192425
20151001	1	0.5	16.494673	0.10061824
20151001	1	0.5	14.851227	0.081423938
20151001	1	0.5	12.996018	0.091762364
20151001	1	0.5	15.652218	0.10594255
20151001	1	0.5	11.917842	0.058537126
20151001	1	0.5	15.167481	0.086656332
20151001	1	0.5	12.15931	0.0649755
20151001	1	0.5	13.591139	0.083502769
20151001	1	0.5	16.904514	0.13568765
20151001	1	0.5	12.674938	0.058576584
20151001	1	0.5	14.231255	0.076472223
20151001	1	0.5	13.242836	0.069446921
20151001	1	0.5	14.072648	0.096413612
20151001	1	0.5	14.046476	0.077430964
20151001	1	0.5	12.12901	0.080329955
20151001	1	0.5	14.459543	0.087562978
20151001	1	0.5	15.727266	0.13959152
20151001	1	0.5	13.752624	0.091918111
20151001	1	0.5	15.096963	0.084138334
20151001	1	0.5	14.779201	0.076358259
20151001	1	0.5	12.902245	0.047167659
20151001	1	0.5	13.237277	0.073185623
20151001	1	0.5	13.414003	0.070719898
20151001	1	0.5	14.007127	0.08500272
20151001	1	0.5	13.153621	0.10947889
20151001	1	0.5	12.637141	0.084804118
20151001	1	0.5	15.917963	0.11060178
20151001	1	0.5	13.173188	0.071360648
20151001	1	0.5	13.795366	0.087545633
20151001	1	0.5	13.79003	0.065419674
20151001	1	0.5	14.093551	0.081157923
20151001	1	0.5	14.996698	0.069672585
20151001	1	0.5	15.264214	0.095556319
20151001	1	0.5	12.034595	0.089205027
20151001	1	0.5	11.461411	0.035301447
20151001	1	0.5	16.081253	0.092673779
20151001	1	0.5	13.381045	0.085805535
20151001	1	0.5	11.997849	0.049064934
20151001	1	0.5	12.431645	0.070376515
20151001	1	0.5	17.17445	0.078088582
20151001	1	0.5	15.71088	0.083972573
20151001	1	0.5	12.396076	0.071649492
20151001	1	0.5	14.001872	0.093775928
20151001	1	0.5	14.347136	0.11320865
20151001	1	0.5	16.18162	0.13171017
20151001	1	0.5	14.174257	0.079811692
20151001	1	0.5	13.228935	0.13050091
20151001	1	0.5	11.573233	0.050726771
20151001	1	0.5	13.468755	0.1140992
20151001	1	0.5	14.400895	0.071824968
20151001	1	0.5	14.984425	0.099883974
20151001	1	0.5	13.664042	0.102072
20151001	1	0.5	15.269034	0.084421933
20151001	1	0.5	12.360403	0.091928124
20151001	1	0.5	13.490593	0.09215188
20151001	1	0.5	14.482429	0.10041928
20151001	1	0.5	13.765995	0.11637968
20151001	1	0.5	13.520563	0.10491478
20151001	1	0.5	13.226153	0.060537159
20151001	1	0.5	13.487865	0.080927312
20151001	1	0.5	12.434605	0.091049254
20151001	1	0.5	14.492589	0.076178432
20151001	1	0.5	12.703936	0.09758842
20151001	1	0.5	12.836483	0.093769848
20151001	1	0.5	15.273853	0.095883608
20151001	1	0.5	15.806615	0.10027671
20151001	1	0.5	15.680403	0.09198916
20151001	1	0.5	12.153256	0.067602217
20151001	1	0.5	12.452348	0.058726609
20151001	1	0.5	12.387168	0.094723463
20151001	1	0.5	13.105977	0.069492519
20151001	1	0.5	13.139626	0.054910779
20151001	1	0.5	13.610078	0.070324063
20151001	1	0.5	11.893116	0.077982962
20151001	1	0.5	13.131221	0.10149288
20151001	1	0.5	14.618987	0.093536019
20151001	1	0.5	14.067417	0.10314411
20151001	1	0.5	14.385555	0.072266817
20151001	1	0.5	13.972934	0.09060961
20151001	1	0.5	15.769323	0.10478067
20151001	1	0.5	13.843295	0.081933856
20151001	1	0.5	15.745972	0.077513516
20151001	1	0.5	14.015005	0.060739577
20151001	1	0.5	12.776142	0.064543545
20151001	1	0.5	12.336565	0.059732199
20151001	1	0.5	15.527121	0.10104525
20151001	1	0.5	12.706832	0.099418461
20151001	1	0.5	15.225595	0.097718477
20151001	1	0.5	14.37276	0.12513322
20151001	1	0.5	12.94211	0.086941659
20151001	1	0.5	16.035423	0.10682219
20151001	1	0.5	18.149473	0.11422378
20151001	1	0.5	13.728521	0.063789606
20151001	1	0.5	13.07787	0.077976584
20151001	1	0.5	13.517841	0.060841322
20151001	1	0.5	16.213423	0.098056912
20151001	1	0.5	14.324035	0.080386102
20151001	1	0.5	15.099401	0.067522764
20151001	1	0.5	13.28168	0.097674787
20151001	1	0.5	11.936354	0.073167145
20151001	1	0.5	13.466022	0.091292977
20151001	1	0.5	15.290708	0.082849622
20151001	1	0.5	14.288026	0.096198857
20151001	1	0.5	12.744422	0.072977841
20151001	1	0.5	11.927101	0.066121936
20151001	1	0.5	14.512886	0.07312429
20151001	1	0.5	17.677015	0.048512876
20151001	1	0.5	16.251959	0.11125404
20151001	1	0.5	16.145193	0.10707408
20151001	1	0.5	12.153256	0.076025784
20151001	1	0.5	13.060977	0.080420732
20151001	1	0.5	13.128419	0.073380172
20151001	1	0.5	14.981969	0.08145982
20151001	1	0.5	13.245614	0.084648371
20151001	1	0.5	12.122942	0.052023172
20151001	1	0.5	12.85367	0.077095866
20151001	1	0.5	12.967674	0.087601125
20151001	1	0.5	11.988646	0.097107768
20151001	1	0.5	17.217247	0.078662336
20151001	1	0.5	13.512396	0.11114228
20151001	1	0.5	13.303825	0.060454965
20151001	1	0.5	12.282759	0.088507354
20151001	1	0.5	15.152918	0.11293066
20151001	1	0.5	14.393228	0.049398124
20151001	1	0.5	13.389293	0.072458088
20151001	1	0.5	12.449393	0.089494765
20151001	1	0.5	11.442132	0.08396405
20151001	1	0.5	11.743669	0.062184751
20151001	1	0.5	12.60799	0.12060803
20151001	1	0.5	14.421322	0.096605897
20151001	1	0.5	13.350761	0.073135853
20151001	1	0.5	15.479651	0.089012384
20151001	1	0.5	17.799408	0.22121614
20151001	1	0.5	12.046821	0.06298393
20151001	1	0.5	14.130055	0.059623063
20151001	1	0.5	13.487865	0.10761684
20151001	1	0.5	13.457822	0.063368142
20151001	1	0.5	14.277719	0.073868573
20151001	1	0.5	13.010168	0.0726794
20151001	1	0.5	13.055343	0.089066565
20151001	1	0.5	14.796618	0.08358568
20151001	1	0.5	13.642482	0.0856179
20151001	1	0.5	15.326762	0.10171324
20151001	1	0.5	12.261769	0.012208641
20151001	1	0.5	14.63911	0.064500213
20151001	1	0.5	14.851227	0.1206876
20151001	1	0.5	12.264771	0.10102975
20151001	1	0.5	11.809284	0.065865457
20151001	1	0.5	14.428974	0.12621075
20151001	1	0.5	13.253945	0.089629173
20151001	1	0.5	12.657507	0.079573214
20151001	1	0.5	14.331739	0.088692129
20151001	1	0.5	12.449393	0.071155787
20151001	1	0.5	12.101676	0.048437655
20151001	1	0.5	12.587543	0.086630166
20151001	1	0.5	12.110794	0.051060677
20151001	1	0.5	13.108785	0.075410366
20151001	1	0.5	18.250563	0.12241864
20151001	1	0.5	15.764656	0.087504685
20151001	1	0.5	13.5396	0.1104238
20151001	1	0.5	12.847943	0.065592587
20151001	1	0.5	12.237739	0.096737087
20151001	1	0.5	13.95185	0.077267706
20151001	1	0.5	12.17141	0.079280376
20151001	1	0.5	14.694304	0.15936464
20151001	1	0.5	13.419489	0.066948056
20151001	1	0.5	12.836483	0.085515857
20151001	1	0.5	15.101836	0.10255694
20151001	1	0.5	13.181565	0.087658226
20151001	1	0.5	16.608055	0.12904561
20151001	1	0.5	13.588431	0.087162495
20151001	1	0.5	16.072096	0.12517577
20151001	1	0.5	12.761734	0.073532879
20151001	1	0.5	13.588431	0.10264641
20151001	1	0.5	15.145631	0.097573936
20151001	1	0.5	14.046476	0.090501606
20151001	1	0.5	14.408558	0.087296546
20151001	1	0.5	12.416838	0.087661386
20151001	1	0.5	12.083419	0.064868569
20151001	1	0.5	14.714324	0.08044678
20151001	1	0.5	16.485746	0.090595484
20151001	1	0.5	11.84351	0.071853638
20151001	1	0.5	12.799162	0.084350288
20151001	1	0.5	13.669427	0.087387323
20151001	1	0.5	12.396076	0.09505105
20151001	1	0.5	14.654183	0.10004646
20151001	1	0.5	13.256721	0.063575745
20151001	1	0.5	13.353518	0.049175084
20151001	1	0.5	13.822014	0.099895537
20151001	1	0.5	17.315279	0.13407636
20151001	1	0.5	12.936422	0.071449399
20151001	1	0.5	12.34551	0.066244423
20151001	1	0.5	12.94211	0.067125559
20151001	1	0.5	12.572919	0.063987315
20151001	1	0.5	13.661349	0.079001069
20151001	1	0.5	14.669242	0.075894833
20151001	1	0.5	14.436623	0.1235249
20151001	1	0.5	16.921919	0.097466469
20151001	1	0.5	12.581696	0.098261058
20151001	1	0.5	13.476949	0.084414244
20151001	1	0.5	14.56098	0.079012036
20151001	1	0.5	13.397534	0.068324566
20151001	1	0.5	13.506948	0.08601743
20151001	1	0.5	17.743504	0.10504895
20151001	1	0.5	12.902245	0.089233458
20151001	1	0.5	15.07257	0.080797195
20151001	1	0.5	13.336974	0.085751593
20151001	1	0.5	14.262248	0.076866746
20151001	1	0.5	13.038421	0.069930673
20151001	1	0.5	16.188438	0.11600411
20151001	1	0.5	16.400711	0.10154969
20151001	1	0.5	12.970511	0.089209974
20151001	1	0.5	15.198987	0.090797722
20151001	1	0.5	15.616915	0.07390964
20151001	1	0.5	14.608915	0.12000221
20151001	1	0.5	12.520128	0.10131955
20151001	1	0.5	12.049874	0.05839473
20151001	1	0.5	13.620888	0.083230555
20151001	1	0.5	13.150822	0.045483649
20151001	1	0.5	13.201092	0.071521997
20151001	1	0.5	14.096162	0.094458401
20151001	1	0.5	10.965918	0.059025228
20151001	1	0.5	13.983463	0.076164186
20151001	1	0.5	12.119906	0.06949985
20151001	1	0.5	16.000965	0.098710477
20151001	1	0.5	13.086308	0.1537509
20151001	1	0.5	14.56098	0.12634921
20151001	1	0.5	14.56856	0.09014678
20151001	1	0.5	15.628691	0.068430662
20151001	1	0.5	12.767499	0.10500258
20151001	1	0.5	13.490593	0.068554163
20151001	1	0.5	13.824676	0.059985638
20151001	1	0.5	14.354828	0.11813045
20151001	1	0.5	13.487865	0.060160518
20151001	1	0.5	14.145672	0.072528839
20151001	1	0.5	13.526005	0.094244957
20151001	1	0.5	14.704318	0.053660035
20151001	1	0.5	11.837295	0.05817616
20151001	1	0.5	14.09094	0.080960393
20151001	1	0.5	14.67175	0.071496725
20151001	1	0.5	16.709661	0.060997069
20151001	1	0.5	12.342529	0.059461892
20151001	1	0.5	13.553182	0.068099439
20151001	1	0.5	12.306702	0.065065742
20151001	1	0.5	13.148024	0.073498428
20151001	1	0.5	15.560263	0.085899115
20151001	1	0.5	12.856533	0.11441469
20151001	1	0.5	14.885875	0.089047134
20151001	1	0.5	15.070128	0.1417743
20151001	1	0.5	14.759268	0.073460639
20151001	1	0.5	13.164805	0.089324236
20151001	1	0.5	11.768708	0.080555022
20151001	1	0.5	12.339547	0.078059316
20151001	1	0.5	14.591273	0.057877958
20151001	1	0.5	15.555532	0.088430882
20151001	1	0.5	12.083419	0.036910295
20151001	1	0.5	15.524751	0.053338587
20151001	1	0.5	14.015005	0.072762072
20151001	1	0.5	12.419801	0.067158461
20151001	1	0.5	13.957124	0.065722466
20151001	1	0.5	13.403027	0.10486704
20151001	1	0.5	13.331455	0.085823178
20151001	1	0.5	14.326603	0.0647493
20151001	1	0.5	14.779201	0.06403929
20151001	1	0.5	13.383795	0.12109983
20151001	1	0.5	14.096162	0.074027359
20151001	1	0.5	14.336873	0.088688076
20151001	1	0.5	13.601964	0.062051296
20151001	1	0.5	17.490772	0.090360761
20151001	1	0.5	14.051714	0.096250772
20151001	1	0.5	13.142426	0.12508041
20151001	1	0.5	15.213506	0.077330768
20151001	1	0.5	14.593795	0.099464834
20151001	1	0.5	12.58462	0.079756498
20151001	1	0.5	12.63423	0.059714496
20151001	1	0.5	14.644135	0.07325387
20151001	1	0.5	15.055471	0.12455106
20151001	1	0.5	13.156418	0.085285068
20151001	1	0.5	14.439172	0.074658036
20151001	1	0.5	12.101676	0.081025362
20151001	1	0.5	14.189824	0.085674584
20151001	1	0.5	14.342006	0.1184423
20151001	1	0.5	14.388113	0.056465983
20151001	1	0.5	13.851267	0.080391705
20151001	1	0.5	15.101836	0.066827655
20151001	1	0.5	14.23384	0.094450176
20151001	1	0.5	21.262251	0.097586036
20151001	1	0.5	13.564037	0.079418957
20151001	1	0.5	12.619658	0.085700035
20151001	1	0.5	14.512886	0.094933927
20151001	1	0.5	14.23901	0.10277104
20151001	1	0.5	16.003265	0.077995002
20151001	1	0.5	14.439172	0.072915375
20151001	1	0.5	13.561324	0.070246279
20151001	1	0.5	17.811808	0.092812419
20151001	1	0.5	12.822141	0.10305649
20151001	1	0.5	13.108785	0.11342317
20151001	1	0.5	8.7485409	0.17324567
20151001	1	0.5	13.424972	0.10434407
20151001	1	0.5	14.28545	0.079908788
20151001	1	0.5	14.377879	0.077073693
20151001	1	0.5	14.331739	0.090292692
20151001	1	0.5	12.642963	0.083789527
20151001	1	0.5	13.512396	0.052465141
20151001	1	0.5	15.008962	0.063700318
20151001	1	0.5	12.793411	0.12769252
20151001	1	0.5	13.134023	0.074934125
20151001	1	0.5	14.046476	0.087828457
20151001	1	0.5	16.499134	0.12717319
20151001	1	0.5	14.434073	0.074402213
20151001	1	0.5	11.416376	0.1052199
20151001	1	0.5	15.548434	0.06300956
20151001	1	0.5	15.455862	0.095542192
20151001	1	0.5	13.134023	0.086714983
20151001	1	0.5	14.932767	0.08202064
20151001	1	0.5	14.413665	0.062483311
20151001	1	0.5	13.234497	0.097019374
20151001	1	0.5	14.791644	0.083955944
20151001	1	0.5	15.087211	0.10677773
20151001	1	0.5	13.128419	0.091262341
20151001	1	0.5	14.749292	0.10010993
20151001	1	0.5	14.062184	0.07224071
20151001	1	0.5	16.195257	0.10392606
20151001	1	0.5	13.289989	0.074176371
20151001	1	0.5	15.52238	0.07458961
20151001	1	0.5	11.283454	0.04068476
20151001	1	0.5	14.838834	0.10758245
20151001	1	0.5	13.768667	0.088305414
20151001	1	0.5	15.213506	0.073710918
20151001	1	0.5	14.37276	0.088004172
20151001	1	0.5	13.28445	0.072685421
20151001	1	0.5	12.672034	0.087725401
20151001	1	0.5	17.484459	0.11722767
20151001	1	0.5	15.172333	0.087557435
20151001	1	0.5	12.502481	0.06728071
20151001	1	0.5	13.822014	0.069885731
20151001	1	0.5	13.693633	0.092598975
20151001	1	0.5	15.484405	0.11498815
20151001	1	0.5	12.779022	0.080227315
20151001	1	0.5	12.750196	0.080931187
20151001	1	0.5	14.109207	0.067013621
20151001	1	0.5	11.696574	0.067784309
20151001	1	0.5	12.887978	0.091524839
20151001	1	0.5	12.637141	0.058466852
20151001	1	0.5	12.487758	0.095075846
20151001	1	0.5	12.378252	0.048213959
20151001	1	0.5	13.091931	0.068220317
20151001	1	0.5	13.795366	0.073238015
20151001	1	0.5	12.481863	0.054789364
20151001	1	0.5	14.13266	0.077799618
20151001	1	0.5	14.472262	0.057805836
20151001	1	0.5	13.572173	0.095532
20151001	1	0.5	15.901773	0.078507781
20151001	1	0.5	12.34849	0.055906594
20151001	1	0.5	12.793411	0.076749384
20151001	1	0.5	12.30072	0.068947196
20151001	1	0.5	13.142426	0.10460073
20151001	1	0.5	14.99179	0.10503387
20151001	1	0.5	15.089649	0.062088907
20151001	1	0.5	13.187147	0.079569042
20151001	1	0.5	15.179606	0.078214049
20151001	1	0.5	13.170395	0.077529371
20151001	1	0.5	13.68019	0.053449214
20151001	1	0.5	12.950638	0.066132843
20151001	1	0.5	13.851267	0.1200189
20151001	1	0.5	14.119636	0.090732574
20151001	1	0.5	12.068183	0.059281707
20151001	1	0.5	12.642963	0.062529981
20151001	1	0.5	13.220588	0.092926562
20151001	1	0.5	14.629052	0.10725349
20151001	1	0.5	12.683644	0.099247336
20151001	1	0.5	15.377096	0.097445309
20151001	1	0.5	14.109207	0.072692513
20151001	1	0.5	12.590466	0.10298967
20151001	1	0.5	13.79003	0.079297245
20151001	1	0.5	14.135263	0.059485197
20151001	1	0.5	13.39204	0.066147923
