Date IfLatB Conc DiameterA_um Def
20151004	1	0.05	16.786558	0.091848791
20151004	1	0.05	13.038421	0.080253124
20151004	1	0.05	13.883109	0.090481937
20151004	1	0.05	12.781901	0.079403162
20151004	1	0.05	14.416218	0.095878005
20151004	1	0.05	13.822014	0.088348925
20151004	1	0.05	12.947795	0.071594417
20151004	1	0.05	12.698141	0.097645164
20151004	1	0.05	15.899459	0.10321981
20151004	1	0.05	16.094975	0.10401142
20151004	1	0.05	13.536882	0.086947381
20151004	1	0.05	13.938657	0.10716867
20151004	1	0.05	11.862137	0.066477954
20151004	1	0.05	16.231567	0.096902728
20151004	1	0.05	14.505278	0.072836459
20151004	1	0.05	12.859395	0.092787683
20151004	1	0.05	13.117203	0.069120884
20151004	1	0.05	14.09094	0.077703118
20151004	1	0.05	13.372792	0.091993272
20151004	1	0.05	11.409927	0.013257384
20151004	1	0.05	13.317647	0.092484295
20151004	1	0.05	15.687441	0.10453457
20151004	1	0.05	12.922193	0.08591795
20151004	1	0.05	15.126183	0.083361804
20151004	1	0.05	14.596316	0.082298994
20151004	1	0.05	13.757974	0.0667395
20151004	1	0.05	12.449393	0.10212594
20151004	1	0.05	12.372306	0.080337167
20151004	1	0.05	13.822014	0.073807776
20151004	1	0.05	13.245614	0.073312223
20151004	1	0.05	10.935677	0.064255834
20151004	1	0.05	14.905637	0.082462788
20151004	1	0.05	13.561324	0.095004916
20151004	1	0.05	14.426424	0.10995507
20151004	1	0.05	14.085715	0.073905051
20151004	1	0.05	13.498773	0.085410058
20151004	1	0.05	14.851227	0.078225076
20151004	1	0.05	13.460556	0.095948219
20151004	1	0.05	14.479888	0.070643246
20151004	1	0.05	14.98688	0.10886514
20151004	1	0.05	13.381045	0.11946243
20151004	1	0.05	13.427712	0.083666444
20151004	1	0.05	13.95185	0.08484906
20151004	1	0.05	16.033129	0.075347245
20151004	1	0.05	13.917522	0.068377912
20151004	1	0.05	12.104716	0.1096586
20151004	1	0.05	13.367288	0.14386439
20151004	1	0.05	15.463003	0.079693913
20151004	1	0.05	15.223178	0.087197304
20151004	1	0.05	15.053027	0.09996736
20151004	1	0.05	10.793429	0.051045299
20151004	1	0.05	14.140469	0.089733064
20151004	1	0.05	14.277719	0.079312563
20151004	1	0.05	13.774012	0.076969206
20151004	1	0.05	13.103169	0.085173249
20151004	1	0.05	13.097551	0.10994703
20151004	1	0.05	14.558453	0.08031863
20151004	1	0.05	13.90165	0.10089934
20151004	1	0.05	12.747309	0.060835302
20151004	1	0.05	13.920166	0.092197835
20151004	1	0.05	15.538965	0.090407312
20151004	1	0.05	14.6918	0.090421498
20151004	1	0.05	13.430452	0.060273707
20151004	1	0.05	12.729978	0.062242448
20151004	1	0.05	14.028127	0.074180126
20151004	1	0.05	11.718575	0.12691343
20151004	1	0.05	13.520563	0.081377089
20151004	1	0.05	13.558611	0.10629642
20151004	1	0.05	14.756775	0.080358982
20151004	1	0.05	13.645179	0.065160871
20151004	1	0.05	12.905097	0.067784846
20151004	1	0.05	12.523067	0.067790329
20151004	1	0.05	12.590466	0.067332685
20151004	1	0.05	13.103169	0.078692973
20151004	1	0.05	14.64916	0.073829055
20151004	1	0.05	14.007127	0.067666888
20151004	1	0.05	13.928094	0.072770953
20151004	1	0.05	14.070033	0.081963778
20151004	1	0.05	11.880734	0.061068833
20151004	1	0.05	13.237277	0.074220538
20151004	1	0.05	15.467762	0.12157738
20151004	1	0.05	12.651691	0.065154791
20151004	1	0.05	15.179606	0.086935461
20151004	1	0.05	14.477346	0.095385313
20151004	1	0.05	13.912233	0.091046989
20151004	1	0.05	12.366356	0.068846822
20151004	1	0.05	15.759987	0.10381341
20151004	1	0.05	12.619658	0.076994777
20151004	1	0.05	15.908713	0.099051952
20151004	1	0.05	15.822902	0.15565109
20151004	1	0.05	13.967666	0.082478702
20151004	1	0.05	15.03101	0.097815156
20151004	1	0.05	12.219685	0.059973061
20151004	1	0.05	12.75885	0.062275708
20151004	1	0.05	14.117029	0.074407816
20151004	1	0.05	17.614458	0.128263
20151004	1	0.05	13.755299	0.12268347
20151004	1	0.05	12.859395	0.066802084
20151004	1	0.05	16.21796	0.09855932
20151004	1	0.05	13.066611	0.075922489
20151004	1	0.05	14.049096	0.08325541
20151004	1	0.05	14.555925	0.091810346
20151004	1	0.05	13.840636	0.089403093
20151004	1	0.05	14.969685	0.10716856
20151004	1	0.05	12.810657	0.086314321
20151004	1	0.05	14.716825	0.081884921
20151004	1	0.05	11.96714	0.062228024
20151004	1	0.05	11.8124	0.097079158
20151004	1	0.05	14.593795	0.09324044
20151004	1	0.05	14.179448	0.016271293
20151004	1	0.05	14.616469	0.096111357
20151004	1	0.05	14.24676	0.081128418
20151004	1	0.05	13.292757	0.063041985
20151004	1	0.05	14.033372	0.09112525
20151004	1	0.05	14.950006	0.099182427
20151004	1	0.05	13.8007	0.089947402
20151004	1	0.05	12.534815	0.07346791
20151004	1	0.05	14.454453	0.099106014
20151004	1	0.05	14.347136	0.0870682
20151004	1	0.05	13.21502	0.075728536
20151004	1	0.05	15.482028	0.094034016
20151004	1	0.05	15.729606	0.081861496
20151004	1	0.05	15.703853	0.1050787
20151004	1	0.05	12.930733	0.094794095
20151004	1	0.05	12.947795	0.078577042
20151004	1	0.05	14.043857	0.083975792
20151004	1	0.05	13.348005	0.095087349
20151004	1	0.05	15.048137	0.084016144
20151004	1	0.05	12.555346	0.067468166
20151004	1	0.05	13.356273	0.10047507
20151004	1	0.05	12.324629	0.093387663
20151004	1	0.05	14.903168	0.080616593
20151004	1	0.05	14.500204	0.08475095
20151004	1	0.05	14.041236	0.086982191
20151004	1	0.05	13.851267	0.087312877
20151004	1	0.05	13.032775	0.070291162
20151004	1	0.05	14.497665	0.062830627
20151004	1	0.05	13.220588	0.077287495
20151004	1	0.05	16.094975	0.10752243
20151004	1	0.05	14.86361	0.071486533
20151004	1	0.05	12.813529	0.075339556
20151004	1	0.05	14.37532	0.084447205
20151004	1	0.05	13.00168	0.10163999
20151004	1	0.05	14.398339	0.098279715
20151004	1	0.05	12.511309	0.067781031
20151004	1	0.05	13.515119	0.12072456
20151004	1	0.05	11.403476	0.077467203
20151004	1	0.05	16.749252	0.14443594
20151004	1	0.05	11.862137	0.067029417
20151004	1	0.05	13.367288	0.080285668
20151004	1	0.05	13.342491	0.073192894
20151004	1	0.05	13.725841	0.082924187
20151004	1	0.05	13.845953	0.10846102
20151004	1	0.05	13.114397	0.11722249
20151004	1	0.05	12.049874	0.095638275
20151004	1	0.05	12.016237	0.066036344
20151004	1	0.05	13.941297	0.077730894
20151004	1	0.05	13.883109	0.08713156
20151004	1	0.05	12.327614	0.075243413
20151004	1	0.05	12.02236	0.072477937
20151004	1	0.05	11.994782	0.072763383
20151004	1	0.05	15.384274	0.11941236
20151004	1	0.05	15.4511	0.1038692
20151004	1	0.05	14.766746	0.071612239
20151004	1	0.05	11.818628	0.068185508
20151004	1	0.05	12.648783	0.071672499
20151004	1	0.05	14.804077	0.10348505
20151004	1	0.05	15.682749	0.089725196
20151004	1	0.05	11.746801	0.074998617
20151004	1	0.05	13.287219	0.085206211
20151004	1	0.05	13.148024	0.0802055
20151004	1	0.05	12.58462	0.12121445
20151004	1	0.05	12.701039	0.085030377
20151004	1	0.05	15.13591	0.076430023
20151004	1	0.05	13.986095	0.11188138
20151004	1	0.05	15.876299	0.07836169
20151004	1	0.05	13.90165	0.081199288
20151004	1	0.05	13.220588	0.09819597
20151004	1	0.05	12.339547	0.11835998
20151004	1	0.05	13.607373	0.10557371
20151004	1	0.05	14.049096	0.10021102
20151004	1	0.05	13.295525	0.088186264
20151004	1	0.05	13.564037	0.074769676
20151004	1	0.05	13.262272	0.08263272
20151004	1	0.05	13.531445	0.082020521
20151004	1	0.05	13.289989	0.080027163
20151004	1	0.05	13.558611	0.083466589
20151004	1	0.05	13.909589	0.12612456
20151004	1	0.05	13.452353	0.14143342
20151004	1	0.05	14.591273	0.090344429
20151004	1	0.05	14.434073	0.12626958
20151004	1	0.05	12.876552	0.07354027
20151004	1	0.05	15.293114	0.10504717
20151004	1	0.05	14.611434	0.088498414
20151004	1	0.05	11.595468	0.01025492
20151004	1	0.05	15.50103	0.12311733
20151004	1	0.05	12.807784	0.068184853
20151004	1	0.05	13.438669	0.081821263
20151004	1	0.05	13.666735	0.083790302
20151004	1	0.05	13.596553	0.093176961
20151004	1	0.05	12.856533	0.076580167
20151004	1	0.05	13.991356	0.017959237
20151004	1	0.05	14.085715	0.10435772
20151004	1	0.05	13.303825	0.071863592
20151004	1	0.05	13.223372	0.094276845
20151004	1	0.05	12.63423	0.10831136
20151004	1	0.05	15.37231	0.10926431
20151004	1	0.05	14.179448	0.081124783
20151004	1	0.05	12.080373	0.020507812
20151004	1	0.05	13.206664	0.083033442
20151004	1	0.05	13.487865	0.10297006
20151004	1	0.05	14.621504	0.10998636
20151004	1	0.05	13.080684	0.089617789
20151004	1	0.05	13.615483	0.1186201
20151004	1	0.05	14.593795	0.081855357
20151004	1	0.05	11.982505	0.073962808
20151004	1	0.05	15.89483	0.11865169
20151004	1	0.05	14.63911	0.098825455
20151004	1	0.05	13.325933	0.083650708
20151004	1	0.05	13.26782	0.070745289
20151004	1	0.05	13.479679	0.11888117
20151004	1	0.05	13.747271	0.084418595
20151004	1	0.05	15.612201	0.1123392
20151004	1	0.05	13.883109	0.086482584
20151004	1	0.05	14.336873	0.088697791
20151004	1	0.05	17.883966	0.096736908
20151004	1	0.05	13.610078	0.074449241
20151004	1	0.05	13.72316	0.11292118
20151004	1	0.05	15.396228	0.10858053
20151004	1	0.05	12.354448	0.090637922
20151004	1	0.05	14.603877	0.095717132
20151004	1	0.05	12.546552	0.10447943
20151004	1	0.05	9.3699913	0.012154937
20151004	1	0.05	14.764254	0.070848644
20151004	1	0.05	13.356273	0.064260423
20151004	1	0.05	15.689787	0.11355925
20151004	1	0.05	12.526005	0.10024029
20151004	1	0.05	12.870835	0.1038388
20151004	1	0.05	14.917974	0.093387842
20151004	1	0.05	12.599232	0.095886886
20151004	1	0.05	13.749948	0.080763102
20151004	1	0.05	14.694304	0.073675334
20151004	1	0.05	12.119906	0.06189692
20151004	1	0.05	13.757974	0.10272753
20151004	1	0.05	13.68019	0.074416101
20151004	1	0.05	12.526005	0.079018593
20151004	1	0.05	13.195516	0.079048097
20151004	1	0.05	15.223178	0.090779066
20151004	1	0.05	14.759268	0.074192882
20151004	1	0.05	16.86747	0.11783427
20151004	1	0.05	14.761761	0.086558819
20151004	1	0.05	13.946574	0.068627954
20151004	1	0.05	13.07787	0.10518456
20151004	1	0.05	16.409683	0.11086738
20151004	1	0.05	12.902245	0.097254515
20151004	1	0.05	13.052524	0.064327121
20151004	1	0.05	12.375279	0.071834862
20151004	1	0.05	15.070128	0.072604179
20151004	1	0.05	12.590466	0.076999605
20151004	1	0.05	15.640459	0.086509883
20151004	1	0.05	15.938754	0.087333381
20151004	1	0.05	15.240088	0.090184331
20151004	1	0.05	12.505424	0.07541424
20151004	1	0.05	12.294736	0.066485107
20151004	1	0.05	12.44348	0.081730664
20151004	1	0.05	13.487865	0.088134885
20151004	1	0.05	13.954488	0.07057333
20151004	1	0.05	14.01238	0.087729752
20151004	1	0.05	14.704318	0.085241199
20151004	1	0.05	14.500204	0.084976912
20151004	1	0.05	14.046476	0.064024627
20151004	1	0.05	13.228935	0.092179775
20151004	1	0.05	13.864543	0.073906183
20151004	1	0.05	13.173188	0.068121731
20151004	1	0.05	14.24676	0.10222894
20151004	1	0.05	15.118882	0.098846138
20151004	1	0.05	13.938657	0.075638175
20151004	1	0.05	15.906401	0.10298306
20151004	1	0.05	14.14307	0.094080567
20151004	1	0.05	15.576808	0.11499256
20151004	1	0.05	13.471487	0.084171414
20151004	1	0.05	13.212235	0.10517687
20151004	1	0.05	12.712623	0.065794647
20151004	1	0.05	12.336565	0.10002488
20151004	1	0.05	13.356273	0.071017981
20151004	1	0.05	14.945083	0.083875418
20151004	1	0.05	11.477452	0.03491044
20151004	1	0.05	13.859234	0.062492669
20151004	1	0.05	13.16201	0.073854744
20151004	1	0.05	15.138341	0.1062355
20151004	1	0.05	15.7973	0.091012776
20151004	1	0.05	15.179606	0.090485871
20151004	1	0.05	16.639044	0.12192631
20151004	1	0.05	16.731668	0.092543721
20151004	1	0.05	12.09255	0.077399254
20151004	1	0.05	16.823782	0.11337721
20151004	1	0.05	14.300897	0.097245395
20151004	1	0.05	12.619658	0.081833303
20151004	1	0.05	15.4511	0.096939504
20151004	1	0.05	17.206558	0.092241108
20151004	1	0.05	13.49332	0.14495581
20151004	1	0.05	15.266624	0.1107136
20151004	1	0.05	12.776142	0.08665967
20151004	1	0.05	13.16201	0.078545094
20151004	1	0.05	12.822141	0.094181061
20151004	1	0.05	14.272565	0.10076827
20151004	1	0.05	12.827879	0.11435509
20151004	1	0.05	14.067417	0.068358123
20151004	1	0.05	11.852827	0.062583327
20151004	1	0.05	12.750196	0.071864426
20151004	1	0.05	13.353518	0.10255313
20151004	1	0.05	13.416746	0.074760258
20151004	1	0.05	13.248392	0.089395702
20151004	1	0.05	16.040012	0.15193182
20151004	1	0.05	14.900699	0.074057996
20151004	1	0.05	13.798034	0.085671961
20151004	1	0.05	12.216673	0.070348918
20151004	1	0.05	12.428685	0.078051925
20151004	1	0.05	13.496047	0.071531057
20151004	1	0.05	13.364535	0.090645969
20151004	1	0.05	13.021476	0.079624116
20151004	1	0.05	13.203878	0.081285298
20151004	1	0.05	13.317647	0.086392581
20151004	1	0.05	12.572919	0.073534071
20151004	1	0.05	12.71841	0.07766223
20151004	1	0.05	14.659204	0.090987802
20151004	1	0.05	12.384196	0.096204638
20151004	1	0.05	15.649866	0.10017085
20151004	1	0.05	13.424972	0.098351181
20151004	1	0.05	15.689787	0.092646122
20151004	1	0.05	13.946574	0.071837902
20151004	1	0.05	12.729978	0.06964308
20151004	1	0.05	12.282759	0.060212851
20151004	1	0.05	13.864543	0.081149101
20151004	1	0.05	11.948678	0.082291305
20151004	1	0.05	16.667768	0.092473745
20151004	1	0.05	13.339733	0.07662046
20151004	1	0.05	12.475965	0.097379446
20151004	1	0.05	12.640053	0.099111736
20151004	1	0.05	14.86361	0.095223308
20151004	1	0.05	12.564136	0.071525276
20151004	1	0.05	14.293176	0.087958097
20151004	1	0.05	12.695244	0.073919713
20151004	1	0.05	11.827965	0.069764197
20151004	1	0.05	13.41126	0.086407781
20151004	1	0.05	14.054333	0.091438234
20151004	1	0.05	14.17166	0.086920023
20151004	1	0.05	13.479679	0.068902731
20151004	1	0.05	12.177454	0.078894317
20151004	1	0.05	14.166467	0.084553242
20151004	1	0.05	14.362515	0.086370885
20151004	1	0.05	13.142426	0.075353622
20151004	1	0.05	12.446437	0.080502868
20151004	1	0.05	12.822141	0.081472278
20151004	1	0.05	13.044064	0.087374747
20151004	1	0.05	13.925451	0.077673197
20151004	1	0.05	14.056951	0.073438346
20151004	1	0.05	12.856533	0.093028605
20151004	1	0.05	10.885087	0.074347377
20151004	1	0.05	12.625489	0.085595727
20151004	1	0.05	13.01865	0.085466743
20151004	1	0.05	12.625489	0.075451493
20151004	1	0.05	12.065133	0.081508815
20151004	1	0.05	13.859234	0.086050093
20151004	1	0.05	15.101836	0.09389025
20151004	1	0.05	14.416218	0.091493309
20151004	1	0.05	13.917522	0.054201424
20151004	1	0.05	14.23901	0.079482317
20151004	1	0.05	14.977057	0.10090548
20151004	1	0.05	12.922193	0.10829043
20151004	1	0.05	13.906943	0.094708025
20151004	1	0.05	12.572919	0.12023759
20151004	1	0.05	12.75308	0.10003054
20151004	1	0.05	15.048137	0.10932255
20151004	1	0.05	13.68288	0.083270431
20151004	1	0.05	16.987028	0.10262358
20151004	1	0.05	13.01865	0.072273195
20151004	1	0.05	14.388113	0.088481426
20151004	1	0.05	13.972934	0.081634343
20151004	1	0.05	14.54581	0.096819341
20151004	1	0.05	14.613952	0.088511586
20151004	1	0.05	15.121316	0.096509039
20151004	1	0.05	15.30514	0.085813642
20151004	1	0.05	12.575846	0.099337399
20151004	1	0.05	15.616915	0.076467991
20151004	1	0.05	14.517957	0.075542092
20151004	1	0.05	14.719324	0.07992661
20151004	1	0.05	14.796618	0.098839581
20151004	1	0.05	11.859035	0.08623755
20151004	1	0.05	15.4511	0.085914195
20151004	1	0.05	12.596311	0.068381786
20151004	1	0.05	14.831393	0.093648076
20151004	1	0.05	13.108785	0.088044465
20151004	1	0.05	12.827879	0.065970659
20151004	1	0.05	14.515422	0.11166275
20151004	1	0.05	14.86361	0.11566627
20151004	1	0.05	14.636596	0.087166846
20151004	1	0.05	16.062937	0.091376007
20151004	1	0.05	14.741806	0.095068634
20151004	1	0.05	13.647875	0.067810535
20151004	1	0.05	16.249695	0.1109975
20151004	1	0.05	12.613826	0.071395934
20151004	1	0.05	15.160201	0.068642318
20151004	1	0.05	13.620888	0.056746423
20151004	1	0.05	13.517841	0.11034185
20151004	1	0.05	15.668665	0.11634386
20151004	1	0.05	12.6546	0.089705229
20151004	1	0.05	13.145225	0.027021348
20151004	1	0.05	12.939266	0.06793046
20151004	1	0.05	14.959848	0.091465294
20151004	1	0.05	13.378295	0.10527158
20151004	1	0.05	15.288301	0.070534348
20151004	1	0.05	12.993187	0.091918409
20151004	1	0.05	12.819271	0.07119447
20151004	1	0.05	13.763322	0.12544072
20151004	1	0.05	13.103169	0.10943544
20151004	1	0.05	12.660414	0.075034738
20151004	1	0.05	14.145672	0.075773716
20151004	1	0.05	13.693633	0.065682292
20151004	1	0.05	13.075057	0.079082668
20151004	1	0.05	14.030749	0.097123504
20151004	1	0.05	13.187147	0.067524374
20151004	1	0.05	15.564992	0.11145365
20151004	1	0.05	16.122387	0.11086255
20151004	1	0.05	11.693428	0.073926091
20151004	1	0.05	16.532553	0.12547809
20151004	1	0.05	14.930303	0.12372297
20151004	1	0.05	14.184638	0.075836539
20151004	1	0.05	13.170395	0.099160612
20151004	1	0.05	16.36927	0.10850269
20151004	1	0.05	14.871036	0.10211653
20151004	1	0.05	15.065244	0.083084822
20151004	1	0.05	14.254506	0.095060349
20151004	1	0.05	13.159214	0.10797352
20151004	1	0.05	12.303711	0.087418377
20151004	1	0.05	15.593335	0.092517316
20151004	1	0.05	12.996018	0.084961832
20151004	1	0.05	15.393838	0.096650302
20151004	1	0.05	11.945598	0.0082848668
20151004	1	0.05	13.920166	0.071037412
20151004	1	0.05	11.883831	0.093145609
20151004	1	0.05	15.790311	0.10304528
20151004	1	0.05	12.781901	0.094554901
20151004	1	0.05	12.549484	0.078399539
20151004	1	0.05	12.930733	0.088158906
20151004	1	0.05	14.288026	0.079147756
20151004	1	0.05	12.890832	0.06980592
20151004	1	0.05	13.626289	0.087421
20151004	1	0.05	12.150229	0.073919296
20151004	1	0.05	10.527651	0.0086445212
20151004	1	0.05	12.14114	0.083476305
20151004	1	0.05	12.628403	0.061611712
20151004	1	0.05	14.064801	0.070972562
20151004	1	0.05	12.793411	0.080689609
20151004	1	0.05	13.639784	0.096819639
20151004	1	0.05	14.888347	0.10043871
20151004	1	0.05	14.636596	0.085548997
20151004	1	0.05	12.976184	0.077640831
20151004	1	0.05	13.661349	0.078862488
20151004	1	0.05	14.814015	0.091452956
20151004	1	0.05	15.070128	0.08784306
20151004	1	0.05	17.317404	0.10850137
20151004	1	0.05	12.564136	0.079225481
20151004	1	0.05	10.283651	0.01072067
20151004	1	0.05	14.624021	0.091026485
20151004	1	0.05	14.207965	0.099545956
20151004	1	0.05	13.223372	0.098147333
20151004	1	0.05	8.3658342	0.0090684295
20151004	1	0.05	15.172333	0.094094455
20151004	1	0.05	14.548339	0.10251218
20151004	1	0.05	15.954906	0.13300496
20151004	1	0.05	15.562628	0.089542031
20151004	1	0.05	13.504224	0.081608474
20151004	1	0.05	15.654569	0.10157847
20151004	1	0.05	14.109207	0.087851524
20151004	1	0.05	11.796814	0.091606259
20151004	1	0.05	14.200193	0.072544634
20151004	1	0.05	16.078964	0.10066903
20151004	1	0.05	12.796288	0.089714229
20151004	1	0.05	13.231716	0.10027099
20151004	1	0.05	12.165361	0.080894828
20151004	1	0.05	16.195257	0.12936014
20151004	1	0.05	13.26782	0.079541862
20151004	1	0.05	13.452353	0.085654557
20151004	1	0.05	13.583014	0.094820619
20151004	1	0.05	14.818983	0.081324518
20151004	1	0.05	14.288026	0.060817659
20151004	1	0.05	11.831076	0.061695457
20151004	1	0.05	15.179606	0.081299007
20151004	1	0.05	12.270769	0.079841733
20151004	1	0.05	13.167601	0.063087106
20151004	1	0.05	15.297925	0.07838428
20151004	1	0.05	12.735757	0.079047561
20151004	1	0.05	14.189824	0.10472798
20151004	1	0.05	15.29552	0.10922265
20151004	1	0.05	14.150873	0.085816979
20151004	1	0.05	13.278909	0.091481566
20151004	1	0.05	15.50815	0.090682566
20151004	1	0.05	17.372562	0.14232826
20151004	1	0.05	16.346775	0.11636692
20151004	1	0.05	12.336565	0.075195014
20151004	1	0.05	12.58462	0.065076649
20151004	1	0.05	13.999244	0.069613516
20151004	1	0.05	13.457822	0.084507406
20151004	1	0.05	12.071232	0.086123645
20151004	1	0.05	15.00651	0.086671114
20151004	1	0.05	12.628403	0.081389964
20151004	1	0.05	16.733868	0.083506525
20151004	1	0.05	13.558611	0.087093115
20151004	1	0.05	12.387168	0.09696573
20151004	1	0.05	14.661715	0.11317545
20151004	1	0.05	13.774012	0.090284169
20151004	1	0.05	14.611434	0.11403626
20151004	1	0.05	16.930614	0.11672413
20151004	1	0.05	15.832201	0.093832493
20151004	1	0.05	13.262272	0.085098863
20151004	1	0.05	16.140635	0.1185692
20151004	1	0.05	13.496047	0.072343111
20151004	1	0.05	8.5140676	0.013046026
20151004	1	0.05	15.067686	0.094689369
20151004	1	0.05	12.602152	0.074169278
20151004	1	0.05	13.381045	0.10463488
20151004	1	0.05	13.44688	0.08742094
20151004	1	0.05	15.240088	0.10316938
20151004	1	0.05	15.897144	0.094564795
20151004	1	0.05	12.282759	0.076673329
20151004	1	0.05	13.917522	0.078872323
20151004	1	0.05	13.739239	0.0809744
20151004	1	0.05	16.299437	0.091534257
20151004	1	0.05	14.318896	0.11204439
20151004	1	0.05	12.919345	0.11561161
20151004	1	0.05	17.206558	0.12074107
20151004	1	0.05	12.744422	0.064042449
20151004	1	0.05	13.67481	0.064876258
20151004	1	0.05	13.323172	0.14595884
20151004	1	0.05	14.18723	0.1020242
20151004	1	0.05	13.811361	0.077513218
20151004	1	0.05	16.028538	0.08989805
20151004	1	0.05	15.350752	0.09295994
20151004	1	0.05	15.30033	0.10553867
20151004	1	0.05	12.709727	0.1086781
20151004	1	0.05	14.148273	0.10761875
20151004	1	0.05	15.331564	0.11074978
20151004	1	0.05	13.760648	0.083703876
20151004	1	0.05	13.983463	0.072950482
20151004	1	0.05	13.877807	0.0924142
20151004	1	0.05	14.811532	0.09195137
20151004	1	0.05	13.389293	0.10578066
20151004	1	0.05	12.089507	0.085979819
20151004	1	0.05	14.14307	0.076172054
20151004	1	0.05	15.687441	0.086130202
20151004	1	0.05	12.11687	0.067126036
20151004	1	0.05	13.967666	0.083658397
20151004	1	0.05	15.273853	0.073147953
20151004	1	0.05	13.223372	0.10000449
20151004	1	0.05	12.99885	0.084176302
20151004	1	0.05	13.550467	0.091031849
20151004	1	0.05	17.077765	0.024273515
20151004	1	0.05	13.545034	0.082023799
20151004	1	0.05	14.490049	0.12608171
20151004	1	0.05	12.663321	0.10267746
20151004	1	0.05	12.959159	0.083583295
20151004	1	0.05	12.961998	0.074256361
20151004	1	0.05	14.272565	0.083552659
20151004	1	0.05	15.706195	0.084672213
20151004	1	0.05	13.749948	0.083895147
20151004	1	0.05	13.273366	0.084032595
20151004	1	0.05	13.835319	0.069687784
20151004	1	0.05	12.490704	0.074955046
20151004	1	0.05	15.191722	0.080569088
20151004	1	0.05	12.830748	0.085220933
20151004	1	0.05	16.689829	0.08853364
20151004	1	0.05	13.851267	0.093175411
20151004	1	0.05	16.66556	0.08660537
20151004	1	0.05	13.156418	0.076858997
20151004	1	0.05	12.735757	0.068427801
20151004	1	0.05	15.15049	0.11488253
20151004	1	0.05	15.448718	0.12008911
20151004	1	0.05	15.536597	0.12618101
20151004	1	0.05	14.300897	0.076465607
20151004	1	0.05	13.292757	0.085808098
20151004	1	0.05	14.644135	0.064188659
20151004	1	0.05	13.501498	0.079299033
20151004	1	0.05	12.273767	0.08121103
20151004	1	0.05	15.013864	0.089659512
20151004	1	0.05	13.95185	0.08181721
20151004	1	0.05	12.360403	0.072550416
20151004	1	0.05	13.677501	0.086106479
20151004	1	0.05	14.634082	0.098646164
20151004	1	0.05	16.432093	0.095395923
20151004	1	0.05	13.72316	0.1094293
20151004	1	0.05	13.187147	0.085917711
20151004	1	0.05	13.383795	0.080542743
20151004	1	0.05	12.799162	0.080190837
20151004	1	0.05	12.761734	0.050517678
20151004	1	0.05	13.430452	0.090658486
20151004	1	0.05	13.276137	0.083501756
20151004	1	0.05	16.138355	0.10499126
20151004	1	0.05	11.827965	0.1277833
20151004	1	0.05	13.572173	0.070959687
20151004	1	0.05	13.741917	0.097324848
20151004	1	0.05	13.517841	0.10108715
20151004	1	0.05	12.357426	0.08509481
20151004	1	0.05	12.306702	0.068199396
20151004	1	0.05	13.066611	0.080072522
20151004	1	0.05	12.967674	0.088206589
20151004	1	0.05	15.97565	0.10399091
20151004	1	0.05	15.755317	0.10472059
20151004	1	0.05	13.372792	0.081258535
20151004	1	0.05	15.463003	0.088388801
20151004	1	0.05	14.492589	0.086439371
20151004	1	0.05	13.44688	0.057365179
20151004	1	0.05	13.755299	0.095618844
20151004	1	0.05	13.574884	0.081121504
20151004	1	0.05	12.776142	0.065354586
20151004	1	0.05	12.162336	0.076650977
20151004	1	0.05	13.063795	0.070118189
20151004	1	0.05	13.506948	0.092705548
20151004	1	0.05	13.774012	0.086078942
20151004	1	0.05	13.840636	0.14832121
20151004	1	0.05	13.925451	0.070263028
20151004	1	0.05	16.05377	0.11172825
20151004	1	0.05	12.738646	0.078732729
20151004	1	0.05	13.707063	0.097765565
20151004	1	0.05	16.982695	0.11452627
20151004	1	0.05	14.202785	0.079176664
20151004	1	0.05	12.402012	0.081908405
20151004	1	0.05	14.13266	0.09636873
20151004	1	0.05	13.37004	0.088812947
20151004	1	0.05	13.782022	0.099977851
20151004	1	0.05	13.720478	0.092415094
20151004	1	0.05	11.61766	0.077789903
20151004	1	0.05	12.755965	0.079406619
20151004	1	0.05	11.837295	0.081611514
20151004	1	0.05	14.093551	0.092651725
20151004	1	0.05	14.213144	0.089173913
20151004	1	0.05	12.291742	0.089715242
20151004	1	0.05	14.158672	0.12760359
20151004	1	0.05	14.846271	0.08659339
20151004	1	0.05	14.794131	0.11932892
20151004	1	0.05	16.574787	0.12282389
20151004	1	0.05	13.178774	0.071115255
20151004	1	0.05	12.663321	0.087416768
20151004	1	0.05	13.792698	0.070635617
20151004	1	0.05	14.57361	0.097983658
20151004	1	0.05	13.339733	0.093758643
20151004	1	0.05	15.252155	0.098974705
20151004	1	0.05	14.306042	0.096446931
20151004	1	0.05	12.92504	0.078312039
20151004	1	0.05	12.318655	0.087821245
20151004	1	0.05	13.501498	0.094297647
20151004	1	0.05	13.709746	0.096852541
20151004	1	0.05	13.397534	0.087603271
20151004	1	0.05	13.733881	0.073947668
20151004	1	0.05	14.137866	0.076244593
20151004	1	0.05	15.736622	0.11957884
20151004	1	0.05	13.928094	0.095660686
20151004	1	0.05	13.978199	0.079999447
20151004	1	0.05	11.135736	0.0649575
20151004	1	0.05	12.767499	0.052784622
20151004	1	0.05	13.083497	0.10657823
20151004	1	0.05	12.936422	0.074456692
20151004	1	0.05	14.318896	0.092229605
20151004	1	0.05	14.075262	0.10385776
20151004	1	0.05	11.022815	0.071881771
20151004	1	0.05	11.796814	0.11538857
20151004	1	0.05	12.531878	0.069265485
20151004	1	0.05	14.606397	0.08723706
20151004	1	0.05	14.581183	0.092286348
20151004	1	0.05	14.77422	0.079570174
20151004	1	0.05	11.36145	0.056870043
20151004	1	0.05	13.058161	0.083182931
20151004	1	0.05	14.500204	0.083383381
20151004	1	0.05	14.846271	0.10367107
20151004	1	0.05	15.694477	0.09381938
20151004	1	0.05	13.962396	0.064740181
20151004	1	0.05	15.237673	0.087741196
20151004	1	0.05	15.070128	0.090147495
20151004	1	0.05	14.398339	0.081066608
20151004	1	0.05	15.050582	0.094290614
20151004	1	0.05	13.880459	0.08010006
20151004	1	0.05	14.254506	0.14511877
20151004	1	0.05	13.298292	0.076177418
20151004	1	0.05	16.643467	0.1266616
20151004	1	0.05	14.411112	0.095415354
20151004	1	0.05	13.348005	0.094186366
20151004	1	0.05	14.883403	0.092708051
20151004	1	0.05	12.339547	0.079343736
20151004	1	0.05	12.750196	0.098473608
20151004	1	0.05	16.554796	0.12794775
20151004	1	0.05	12.080373	0.11297947
20151004	1	0.05	16.643467	0.11816448
20151004	1	0.05	14.153474	0.062415719
20151004	1	0.05	14.220908	0.086438954
20151004	1	0.05	13.779352	0.10966045
20151004	1	0.05	13.342491	0.077285111
20151004	1	0.05	14.576135	0.13957274
20151004	1	0.05	12.558277	0.083716631
20151004	1	0.05	11.846616	0.066698015
20151004	1	0.05	14.326603	0.089598119
20151004	1	0.05	13.672119	0.10431069
20151004	1	0.05	15.97565	0.10994035
20151004	1	0.05	13.256721	0.096580625
20151004	1	0.05	14.814015	0.11374497
20151004	1	0.05	13.192726	0.078932226
20151004	1	0.05	12.619658	0.075121641
20151004	1	0.05	11.871439	0.082264662
20151004	1	0.05	14.321465	0.083654046
20151004	1	0.05	14.241593	0.10855681
20151004	1	0.05	14.98688	0.099549592
20151004	1	0.05	12.876552	0.088100016
20151004	1	0.05	13.114397	0.065680802
20151004	1	0.05	11.942517	0.064483345
20151004	1	0.05	15.410562	0.088906407
20151004	1	0.05	15.22076	0.10441685
20151004	1	0.05	13.21502	0.065652668
20151004	1	0.05	14.179448	0.096316636
20151004	1	0.05	13.647875	0.085228026
20151004	1	0.05	15.223178	0.11013997
20151004	1	0.05	13.909589	0.10202247
20151004	1	0.05	14.999151	0.10467571
20151004	1	0.05	14.598837	0.078243792
20151004	1	0.05	13.276137	0.094540477
20151004	1	0.05	13.90165	0.10188901
20151004	1	0.05	13.880459	0.16625136
20151004	1	0.05	12.94211	0.11985826
20151004	1	0.05	14.408558	0.10028261
20151004	1	0.05	13.980832	0.094520748
20151004	1	0.05	19.868422	0.10468465
20151004	1	0.05	13.954488	0.062677085
20151004	1	0.05	12.887978	0.096680999
20151004	1	0.05	13.574884	0.087265372
20151004	1	0.05	15.057915	0.1127668
20151004	1	0.05	13.105977	0.11246347
20151004	1	0.05	10.989382	0.054337978
20151004	1	0.05	15.579169	0.077090502
20151004	1	0.05	12.089507	0.072077572
20151004	1	0.05	14.558453	0.083226919
20151004	1	0.05	12.416838	0.10008824
20151004	1	0.05	16.75145	0.098958611
20151004	1	0.05	12.493649	0.0850088
20151004	1	0.05	12.555346	0.08059305
20151004	1	0.05	8.3394012	0.015167415
20151004	1	0.05	14.77422	0.071951389
20151004	1	0.05	13.891058	0.082125664
20151004	1	0.05	13.356273	0.090163231
20151004	1	0.05	13.86985	0.090366185
20151004	1	0.05	14.479888	0.093805671
20151004	1	0.05	14.070033	0.13442278
20151004	1	0.05	13.444144	0.09777391
20151004	1	0.05	12.174432	0.025338173
20151004	1	0.05	16.667768	0.10395014
20151004	1	0.05	15.7973	0.094219267
20151004	1	0.05	12.354448	0.091359675
20151004	1	0.05	12.810657	0.075632513
20151004	1	0.05	12.885122	0.13626862
20151004	1	0.05	12.645874	0.078025997
20151004	1	0.05	9.7623386	0.017961264
20151004	1	0.05	15.075011	0.10810292
20151004	1	0.05	12.987522	0.067281067
20151004	1	0.05	12.933578	0.088200152
20151004	1	0.05	13.68557	0.092572749
20151004	1	0.05	15.055471	0.086616039
20151004	1	0.05	13.430452	0.068665743
20151004	1	0.05	15.155347	0.085256696
20151004	1	0.05	14.135263	0.081889093
20151004	1	0.05	14.114423	0.079576731
20151004	1	0.05	13.765995	0.069413126
20151004	1	0.05	15.377096	0.089423835
20151004	1	0.05	14.451908	0.097947478
20151004	1	0.05	14.030749	0.073078573
20151004	1	0.05	13.647875	0.074454069
20151004	1	0.05	13.430452	0.092997074
20151004	1	0.05	13.856579	0.096131086
20151004	1	0.05	12.467114	0.076239586
20151004	1	0.05	14.656694	0.093924224
20151004	1	0.05	15.152918	0.10435957
20151004	1	0.05	12.387168	0.10387367
20151004	1	0.05	14.054333	0.091808736
20151004	1	0.05	15.727266	0.079861879
20151004	1	0.05	15.232842	0.081225276
20151004	1	0.05	14.077876	0.089909911
20151004	1	0.05	11.623992	0.011165679
20151004	1	0.05	12.799162	0.060945034
20151004	1	0.05	14.957389	0.093095124
20151004	1	0.05	14.451908	0.087940454
20151004	1	0.05	12.847943	0.083645403
20151004	1	0.05	14.24676	0.10962409
20151004	1	0.05	15.977953	0.12199742
20151004	1	0.05	12.000916	0.065602422
20151004	1	0.05	14.962308	0.092937231
20151004	1	0.05	14.694304	0.10917532
20151004	1	0.05	16.342274	0.12347031
20151004	1	0.05	14.490049	0.078507245
20151004	1	0.05	14.734316	0.10158223
20151004	1	0.05	15.343559	0.085955679
20151004	1	0.05	15.355545	0.10893297
20151004	1	0.05	13.67481	0.11260825
20151004	1	0.05	12.82501	0.081876159
20151004	1	0.05	16.078964	0.09104389
20151004	1	0.05	8.2640505	0.0095019341
20151004	1	0.05	13.438669	0.085355461
20151004	1	0.05	13.348005	0.080788076
20151004	1	0.05	17.513899	0.12193555
20151004	1	0.05	10.614672	0.046439171
20151004	1	0.05	13.490593	0.085249186
20151004	1	0.05	13.31212	0.06852442
20151004	1	0.05	13.476949	0.073275745
20151004	1	0.05	13.628989	0.08539629
20151004	1	0.05	13.501498	0.071041048
20151004	1	0.05	14.497665	0.087347507
20151004	1	0.05	15.436805	0.093124986
20151004	1	0.05	12.619658	0.06946969
20151004	1	0.05	13.032775	0.089014471
20151004	1	0.05	16.136074	0.11962157
20151004	1	0.05	12.201604	0.083484173
20151004	1	0.05	13.506948	0.083297372
20151004	1	0.05	15.647515	0.098727763
20151004	1	0.05	13.528725	0.082203686
20151004	1	0.05	13.07787	0.058194339
20151004	1	0.05	13.289989	0.076565027
20151004	1	0.05	14.586228	0.09304285
20151004	1	0.05	12.642963	0.10471994
20151004	1	0.05	14.062184	0.088605583
20151004	1	0.05	14.641623	0.090416849
20151004	1	0.05	12.534815	0.09871918
20151004	1	0.05	12.973348	0.070201516
20151004	1	0.05	13.531445	0.09231317
20151004	1	0.05	13.228935	0.078094184
20151004	1	0.05	16.222498	0.11172521
20151004	1	0.05	12.153256	0.082665145
20151004	1	0.05	14.811532	0.076880097
20151004	1	0.05	13.331455	0.10525662
20151004	1	0.05	12.095593	0.082117975
20151004	1	0.05	13.941297	0.095604002
20151004	1	0.05	12.303711	0.069974184
20151004	1	0.05	14.566033	0.14070362
20151004	1	0.05	13.400281	0.086196363
20151004	1	0.05	13.052524	0.080401301
20151004	1	0.05	12.99885	0.07087028
20151004	1	0.05	15.443954	0.1018998
20151004	1	0.05	15.715564	0.13700384
20151004	1	0.05	12.285753	0.069717228
20151004	1	0.05	15.472519	0.07989186
20151004	1	0.05	12.508367	0.076145828
20151004	1	0.05	12.856533	0.062423885
20151004	1	0.05	12.82501	0.098483503
20151004	1	0.05	13.88841	0.081365049
20151004	1	0.05	13.37004	0.070087552
20151004	1	0.05	14.962308	0.097250223
20151004	1	0.05	11.917842	0.092866898
20151004	1	0.05	12.790535	0.069523811
20151004	1	0.05	14.436623	0.094942451
20151004	1	0.05	12.569992	0.075998902
20151004	1	0.05	12.455303	0.06758666
20151004	1	0.05	12.979019	0.070498765
20151004	1	0.05	12.14417	0.068905771
20151004	1	0.05	8.111249	0.042201877
20151004	1	0.05	12.764617	0.08834517
20151004	1	0.05	13.88841	0.10326415
20151004	1	0.05	12.470065	0.090435505
20151004	1	0.05	13.178774	0.074676991
20151004	1	0.05	14.631567	0.093179762
20151004	1	0.05	13.837977	0.089458764
20151004	1	0.05	15.211087	0.1115706
20151004	1	0.05	11.997849	0.060390711
20151004	1	0.05	13.292757	0.059658587
20151004	1	0.05	14.070033	0.07990998
20151004	1	0.05	14.858658	0.076594949
20151004	1	0.05	13.455088	0.078748643
20151004	1	0.05	13.523284	0.088733077
20151004	1	0.05	17.431767	0.14194715
20151004	1	0.05	12.819271	0.077919602
20151004	1	0.05	13.965031	0.075221181
20151004	1	0.05	12.36338	0.10861117
20151004	1	0.05	14.591273	0.0999192
20151004	1	0.05	13.298292	0.096305549
20151004	1	0.05	12.514249	0.079947293
20151004	1	0.05	13.134023	0.087822556
20151004	1	0.05	13.015823	0.1121183
20151004	1	0.05	13.055343	0.080582261
20151004	1	0.05	12.440522	0.065728188
20151004	1	0.05	13.419489	0.087899148
20151004	1	0.05	14.140469	0.06791687
20151004	1	0.05	13.220588	0.082888603
20151004	1	0.05	15.708538	0.12130988
20151004	1	0.05	12.692345	0.070723236
20151004	1	0.05	13.26782	0.076328814
20151004	1	0.05	15.904087	0.113235
20151004	1	0.05	15.07257	0.13732702
20151004	1	0.05	12.384196	0.065322757
20151004	1	0.05	13.996614	0.16030318
20151004	1	0.05	13.54775	0.11132765
20151004	1	0.05	12.893686	0.08395642
20151004	1	0.05	12.919345	0.064316273
20151004	1	0.05	11.046158	0.025870085
20151004	1	0.05	14.13266	0.091392994
20151004	1	0.05	14.922907	0.10904539
20151004	1	0.05	15.941063	0.10286039
20151004	1	0.05	12.735757	0.074335098
20151004	1	0.05	14.377879	0.080819905
20151004	1	0.05	14.553397	0.070075572
20151004	1	0.05	12.234732	0.100528
20151004	1	0.05	12.944953	0.074758887
20151004	1	0.05	14.756775	0.10775805
20151004	1	0.05	14.761761	0.11800069
20151004	1	0.05	12.077327	0.059022367
20151004	1	0.05	14.596316	0.082434297
20151004	1	0.05	12.916496	0.092105865
20151004	1	0.05	12.990355	0.069237947
20151004	1	0.05	14.73931	0.11440301
20151004	1	0.05	14.223495	0.086387873
20151004	1	0.05	14.033372	0.096590281
20151004	1	0.05	14.254506	0.079315245
20151004	1	0.05	13.73656	0.094838917
20151004	1	0.05	15.548434	0.14886689
20151004	1	0.05	12.590466	0.071933746
20151004	1	0.05	12.876552	0.071861744
20151004	1	0.05	14.103991	0.086588979
20151004	1	0.05	13.178774	0.077631056
20151004	1	0.05	13.68019	0.068855464
20151004	1	0.05	12.677841	0.10394114
20151004	1	0.05	11.924016	0.099863112
20151004	1	0.05	13.536882	0.075481892
20151004	1	0.05	12.950638	0.10965645
20151004	1	0.05	13.323172	0.07823652
20151004	1	0.05	11.270401	0.05500114
20151004	1	0.05	14.423873	0.10175067
20151004	1	0.05	12.546552	0.074088871
20151004	1	0.05	14.900699	0.10085452
20151004	1	0.05	16.08354	0.11288744
20151004	1	0.05	14.828912	0.11029464
20151004	1	0.05	14.182043	0.095703065
20151004	1	0.05	14.54581	0.1148625
20151004	1	0.05	13.128419	0.076268494
20151004	1	0.05	13.339733	0.094319999
20151004	1	0.05	11.354971	0.041783869
20151004	1	0.05	12.776142	0.067536771
20151004	1	0.05	12.767499	0.07146132
20151004	1	0.05	14.436623	0.09452498
20151004	1	0.05	15.15049	0.16866875
20151004	1	0.05	15.920275	0.10406774
20151004	1	0.05	13.336974	0.074783564
20151004	1	0.05	14.163869	0.10779136
20151004	1	0.05	16.167969	0.09886378
20151004	1	0.05	13.049705	0.062401235
20151004	1	0.05	13.223372	0.080751598
20151004	1	0.05	13.623589	0.10204589
20151004	1	0.05	14.459543	0.10419744
20151004	1	0.05	13.309356	0.085030496
20151004	1	0.05	18.684923	0.092578828
20151004	1	0.05	12.464163	0.076728463
20151004	1	0.05	13.029951	0.067512512
20151004	1	0.05	12.810657	0.066763937
20151004	1	0.05	12.17141	0.068104386
20151004	1	0.05	13.774012	0.086542964
20151004	1	0.05	14.184638	0.088869452
20151004	1	0.05	15.515266	0.093858421
20151004	1	0.05	16.195257	0.099254012
20151004	1	0.05	14.122241	0.10011071
20151004	1	0.05	14.043857	0.09424448
20151004	1	0.05	13.094742	0.072149515
20151004	1	0.05	16.247429	0.083483636
20151004	1	0.05	14.329171	0.11186796
20151004	1	0.05	14.766746	0.095216751
20151004	1	0.05	14.94262	0.086773932
20151004	1	0.05	14.277719	0.068918705
20151004	1	0.05	12.922193	0.096828878
20151004	1	0.05	14.515422	0.097392201
20151004	1	0.05	13.28168	0.093569636
20151004	1	0.05	13.988726	0.11125302
20151004	1	0.05	15.331564	0.11910599
20151004	1	0.05	12.273767	0.058996797
20151004	1	0.05	13.699007	0.075758755
20151004	1	0.05	12.850807	0.086212575
20151004	1	0.05	12.15931	0.06223166
20151004	1	0.05	12.755965	0.065502167
20151004	1	0.05	14.272565	0.091744065
20151004	1	0.05	13.100361	0.081314266
20151004	1	0.05	11.827965	0.072283745
20151004	1	0.05	14.267407	0.10339212
20151004	1	0.05	11.985576	0.071735799
20151004	1	0.05	16.414167	0.12880069
20151004	1	0.05	12.14417	0.080206275
20151004	1	0.05	16.074387	0.11313927
20151004	1	0.05	13.967666	0.093407512
20151004	1	0.05	16.541454	0.16696632
20151004	1	0.05	13.765995	0.11121827
20151004	1	0.05	12.428685	0.060788095
20151004	1	0.05	11.930186	0.096550882
20151004	1	0.05	15.1893	0.075791657
20151004	1	0.05	12.523067	0.083654046
20151004	1	0.05	13.526005	0.11982453
20151004	1	0.05	15.474896	0.093605936
20151004	1	0.05	11.948678	0.048913598
20151004	1	0.05	12.922193	0.10442132
20151004	1	0.05	11.899302	0.080962479
20151004	1	0.05	13.471487	0.087208927
20151004	1	0.05	14.741806	0.072909951
20151004	1	0.05	13.317647	0.083521247
20151004	1	0.05	13.545034	0.081971347
20151004	1	0.05	11.286715	0.036543131
20151004	1	0.05	11.799933	0.059086323
20151004	1	0.05	14.917974	0.10839289
20151004	1	0.05	13.717796	0.099314392
20151004	1	0.05	11.204913	0.052800477
20151004	1	0.05	12.66913	0.115201
20151004	1	0.05	12.905097	0.081943572
20151004	1	0.05	14.14307	0.10222203
20151004	1	0.05	15.374703	0.09756732
20151004	1	0.05	12.336565	0.071839571
20151004	1	0.05	14.282874	0.091054618
20151004	1	0.05	14.109207	0.1014607
20151004	1	0.05	12.381225	0.081097424
20151004	1	0.05	11.874538	0.081150055
20151004	1	0.05	15.486781	0.097886086
20151004	1	0.05	15.405785	0.095209718
20151004	1	0.05	12.930733	0.06674087
20151004	1	0.05	13.430452	0.071778834
20151004	1	0.05	15.259392	0.035358131
20151004	1	0.05	13.26782	0.080594897
20151004	1	0.05	16.731668	0.10972631
20151004	1	0.05	12.264771	0.080283999
20151004	1	0.05	12.953479	0.089528263
20151004	1	0.05	15.804287	0.10414094
20151004	1	0.05	14.254506	0.095889211
20151004	1	0.05	14.106599	0.088262558
20151004	1	0.05	15.048137	0.11829227
20151004	1	0.05	13.564037	0.070810795
20151004	1	0.05	15.357941	0.078166246
20151004	1	0.05	13.012996	0.085337043
20151004	1	0.05	12.755965	0.077351213
20151004	1	0.05	14.049096	0.098343372
20151004	1	0.05	15.317156	0.086218715
20151004	1	0.05	14.150873	0.090392888
20151004	1	0.05	14.515422	0.092674673
20151004	1	0.05	13.356273	0.063670397
20151004	1	0.05	14.365078	0.091214299
20151004	1	0.05	14.093551	0.10985571
20151004	1	0.05	12.487758	0.087099552
20151004	1	0.05	12.732867	0.097074687
20151004	1	0.05	13.212235	0.087716281
20151004	1	0.05	13.655961	0.096984386
20151004	1	0.05	16.874012	0.10352021
20151004	1	0.05	12.85367	0.083859026
20151004	1	0.05	13.677501	0.077706993
20151004	1	0.05	14.004499	0.092916965
20151004	1	0.05	13.058161	0.083248079
20151004	1	0.05	13.289989	0.08818692
20151004	1	0.05	13.189938	0.095465183
20151004	1	0.05	14.505278	0.10107243
20151004	1	0.05	14.676765	0.098723531
20151004	1	0.05	12.887978	0.074317038
20151004	1	0.05	13.928094	0.077719688
20151004	1	0.05	13.588431	0.066039085
20151004	1	0.05	13.596553	0.13454968
20151004	1	0.05	14.479888	0.083942711
20151004	1	0.05	13.035598	0.073096275
20151004	1	0.05	12.216673	0.084881008
20151004	1	0.05	13.44688	0.079101026
20151004	1	0.05	12.862256	0.067204595
20151004	1	0.05	12.36338	0.065352559
20151004	1	0.05	13.298292	0.057644308
20151004	1	0.05	13.114397	0.080946922
20151004	1	0.05	14.576135	0.12303078
20151004	1	0.05	13.046885	0.077866197
20151004	1	0.05	11.899302	0.07008177
20151004	1	0.05	12.936422	0.083355665
20151004	1	0.05	13.88841	0.067804039
20151004	1	0.05	15.001605	0.06463778
20151004	1	0.05	14.163869	0.070374548
20151004	1	0.05	17.501287	0.13722897
20151004	1	0.05	14.367639	0.098464787
20151004	1	0.05	14.586228	0.090786994
20151004	1	0.05	14.038615	0.090638518
20151004	1	0.05	12.799162	0.083987176
20151004	1	0.05	13.089121	0.10464984
20151004	1	0.05	16.425371	0.097828567
20151004	1	0.05	15.167481	0.099058032
20151004	1	0.05	13.408516	0.093862236
20151004	1	0.05	14.858658	0.11488718
20151004	1	0.05	15.194144	0.091205478
20151004	1	0.05	13.86985	0.073780954
20151004	1	0.05	14.331739	0.078173816
20151004	1	0.05	15.680403	0.099602401
20151004	1	0.05	13.757974	0.077435553
20151004	1	0.05	15.757652	0.090992033
20151004	1	0.05	14.025503	0.097660661
20151004	1	0.05	12.372306	0.10011709
20151004	1	0.05	14.124846	0.095477343
20151004	1	0.05	15.973346	0.15063375
20151004	1	0.05	13.733881	0.091155112
20151004	1	0.05	13.77134	0.080804408
20151004	1	0.05	12.357426	0.016531825
20151004	1	0.05	14.646648	0.12133443
20151004	1	0.05	12.449393	0.072594881
20151004	1	0.05	13.063795	0.094430029
20151004	1	0.05	13.427712	0.10014915
20151004	1	0.05	12.207634	0.082497418
20151004	1	0.05	12.867976	0.082345068
20151004	1	0.05	10.830865	0.0087464452
20151004	1	0.05	16.072096	0.10229552
20151004	1	0.05	13.029951	0.07750994
20151004	1	0.05	11.731129	0.074151635
20151004	1	0.05	14.254506	0.062190175
20151004	1	0.05	15.126183	0.095743597
20151004	1	0.05	12.575846	0.07864964
20151004	1	0.05	14.311185	0.076069713
20151004	1	0.05	13.880459	0.077208221
20151004	1	0.05	14.241593	0.086136818
20151004	1	0.05	14.365078	0.086486578
20151004	1	0.05	13.383795	0.085779786
20151004	1	0.05	12.870835	0.091036558
20151004	1	0.05	12.321642	0.071542859
20151004	1	0.05	13.159214	0.062858343
20151004	1	0.05	13.438669	0.086832166
20151004	1	0.05	13.784693	0.080773056
20151004	1	0.05	15.048137	0.11766881
20151004	1	0.05	12.013174	0.058406115
20151004	1	0.05	15.201407	0.099800408
20151004	1	0.05	15.028562	0.075599611
20151004	1	0.05	19.672998	0.10657859
20151004	1	0.05	15.254568	0.083398104
20151004	1	0.05	12.490704	0.068778872
20151004	1	0.05	12.514249	0.068934619
20151004	1	0.05	13.452353	0.13076514
20151004	1	0.05	13.148024	0.082919836
20151004	1	0.05	14.182043	0.07556814
20151004	1	0.05	12.637141	0.074335873
20151004	1	0.05	14.54581	0.10064679
20151004	1	0.05	12.440522	0.078838229
20151004	1	0.05	12.499538	0.079843104
20151004	1	0.05	12.110794	0.06657064
20151004	1	0.05	11.997849	0.078687131
20151004	1	0.05	14.502741	0.1004715
20151004	1	0.05	16.961014	0.14679462
20151004	1	0.05	13.599258	0.072928011
20151004	1	0.05	13.237277	0.085052848
20151004	1	0.05	13.512396	0.098081648
20151004	1	0.05	14.200193	0.085044563
20151004	1	0.05	12.502481	0.06229341
20151004	1	0.05	14.704318	0.10067463
20151004	1	0.05	12.94211	0.080861449
20151004	1	0.05	14.354828	0.10808235
20151004	1	0.05	15.331564	0.072065115
20151004	1	0.05	15.694477	0.097179055
20151004	1	0.05	16.283627	0.10549593
20151004	1	0.05	14.558453	0.090087712
20151004	1	0.05	14.109207	0.086301208
20151004	1	0.05	13.661349	0.085759938
20151004	1	0.05	16.170244	0.13699114
20151004	1	0.05	14.051714	0.085202038
20151004	1	0.05	12.82501	0.073966682
20151004	1	0.05	14.495128	0.078424037
20151004	1	0.05	14.218321	0.091473699
20151004	1	0.05	12.721303	0.076502085
20151004	1	0.05	13.936017	0.064403236
20151004	1	0.05	12.561207	0.077448428
20151004	1	0.05	13.142426	0.097185135
20151004	1	0.05	14.833874	0.10882646
20151004	1	0.05	16.742661	0.1036672
20151004	1	0.05	16.247429	0.087854326
20151004	1	0.05	9.6485987	0.062199652
20151004	1	0.05	14.856181	0.088884115
20151004	1	0.05	13.21502	0.068023086
20151004	1	0.05	12.796288	0.071702302
20151004	1	0.05	13.069427	0.057369113
20151004	1	0.05	12.804911	0.068928838
20151004	1	0.05	12.970511	0.077837527
20151004	1	0.05	13.824676	0.097570479
20151004	1	0.05	12.270769	0.065049171
20151004	1	0.05	15.88325	0.10735828
20151004	1	0.05	12.531878	0.072697699
20151004	1	0.05	13.672119	0.075275302
20151004	1	0.05	13.184357	0.1323911
20151004	1	0.05	12.505424	0.089316189
20151004	1	0.05	14.254506	0.10070908
20151004	1	0.05	15.947986	0.14247054
20151004	1	0.05	12.546552	0.076659858
20151004	1	0.05	13.975567	0.089333296
20151004	1	0.05	11.322518	0.05854398
20151004	1	0.05	12.761734	0.090623558
20151004	1	0.05	13.353518	0.089168012
20151004	1	0.05	13.26782	0.011557341
20151004	1	0.05	13.574884	0.071901023
20151004	1	0.05	12.625489	0.091537356
20151004	1	0.05	13.872503	0.06163013
20151004	1	0.05	13.094742	0.08160013
20151004	1	0.05	13.325933	0.07075429
20151004	1	0.05	12.622574	0.085202575
20151004	1	0.05	11.354971	0.068724513
20151004	1	0.05	12.706832	0.097098172
20151004	1	0.05	13.504224	0.08076036
20151004	1	0.05	14.226083	0.090630352
20151004	1	0.05	14.846271	0.080122232
20151004	1	0.05	12.839349	0.065633059
20151004	1	0.05	14.656694	0.098046601
20151004	1	0.05	13.639784	0.088248134
20151004	1	0.05	12.222695	0.076407313
20151004	1	0.05	13.816689	0.079002619
20151004	1	0.05	12.543618	0.10087603
20151004	1	0.05	13.498773	0.076844871
20151004	1	0.05	11.122511	0.023852468
20151004	1	0.05	14.54075	0.094830155
20151004	1	0.05	14.930303	0.096060157
20151004	1	0.05	13.623589	0.099776149
20151004	1	0.05	11.92093	0.093951464
20151004	1	0.05	13.601964	0.078013301
20151004	1	0.05	10.820668	0.048571229
20151004	1	0.05	12.567064	0.091614544
20151004	1	0.05	12.062083	0.087609708
20151004	1	0.05	11.668226	0.074362516
20151004	1	0.05	13.223372	0.09202832
20151004	1	0.05	12.473016	0.086143434
20151004	1	0.05	17.032455	0.099776208
20151004	1	0.05	14.413665	0.11242729
20151004	1	0.05	13.707063	0.099628866
20151004	1	0.05	12.640053	0.096203744
20151004	1	0.05	13.620888	0.077604175
20151004	1	0.05	14.669242	0.09183687
20151004	1	0.05	13.348005	0.071581721
20151004	1	0.05	15.574445	0.11404181
20151004	1	0.05	17.204418	0.13565046
20151004	1	0.05	13.089121	0.099585712
20151004	1	0.05	15.07257	0.077289581
20151004	1	0.05	15.420109	0.089525521
20151004	1	0.05	12.318655	0.097909868
20151004	1	0.05	12.810657	0.085454404
20151004	1	0.05	13.331455	0.081632018
20151004	1	0.05	16.20207	0.10922694
20151004	1	0.05	13.075057	0.079918861
20151004	1	0.05	14.37276	0.095044076
20151004	1	0.05	13.007339	0.11145145
20151004	1	0.05	15.436805	0.12940538
20151004	1	0.05	14.656694	0.097226083
20151004	1	0.05	13.485137	0.081368148
20151004	1	0.05	13.763322	0.099147677
20151004	1	0.05	16.494673	0.083819211
20151004	1	0.05	12.470065	0.08154732
20151004	1	0.05	12.113832	0.097876489
20151004	1	0.05	14.300897	0.089861155
20151004	1	0.05	12.080373	0.069509506
20151004	1	0.05	14.900699	0.085390568
20151004	1	0.05	12.776142	0.085933328
20151004	1	0.05	13.198304	0.083808482
20151004	1	0.05	14.202785	0.08053571
20151004	1	0.05	12.94211	0.059310257
20151004	1	0.05	12.936422	0.070983171
20151004	1	0.05	14.264828	0.078342974
20151004	1	0.05	14.724323	0.11033821
20151004	1	0.05	16.400711	0.10558933
20151004	1	0.05	13.317647	0.072375774
20151004	1	0.05	14.106599	0.093784273
20151004	1	0.05	12.879409	0.10100353
20151004	1	0.05	13.914878	0.08405745
20151004	1	0.05	10.583427	0.0084935427
20151004	1	0.05	12.339547	0.056593597
20151004	1	0.05	14.114423	0.091070533
20151004	1	0.05	14.979513	0.080324948
20151004	1	0.05	14.326603	0.072064459
20151004	1	0.05	11.914754	0.010224581
20151004	1	0.05	14.786668	0.07596463
20151004	1	0.05	12.729978	0.096958995
20151004	1	0.05	15.377096	0.096114337
20151004	1	0.05	13.824676	0.090278149
20151004	1	0.05	14.734316	0.10777336
20151004	1	0.05	17.658272	0.13091928
20151004	1	0.05	12.631316	0.067055881
20151004	1	0.05	12.360403	0.076520085
20151004	1	0.05	15.273853	0.081255555
20151004	1	0.05	13.024302	0.084717691
20151004	1	0.05	13.701693	0.068975806
20151004	1	0.05	13.747271	0.14724064
20151004	1	0.05	12.637141	0.074771643
20151004	1	0.05	14.641623	0.084125102
20151004	1	0.05	13.707063	0.090239644
20151004	1	0.05	15.917963	0.073325634
20151004	1	0.05	12.487758	0.098947406
20151004	1	0.05	18.698704	0.11271703
20151004	1	0.05	12.12901	0.060370088
20151004	1	0.05	15.121316	0.098315001
20151004	1	0.05	12.845079	0.0984326
20151004	1	0.05	13.39204	0.070478559
20151004	1	0.05	15.348354	0.080352068
20151004	1	0.05	15.482028	0.10076386
20151004	1	0.05	16.097261	0.071056962
20151004	1	0.05	14.210555	0.089766324
20151004	1	0.05	12.511309	0.0604496
20151004	1	0.05	16.612486	0.10083872
20151004	1	0.05	12.744422	0.093589306
20151004	1	0.05	15.827553	0.090157807
20151004	1	0.05	13.696321	0.09440738
20151004	1	0.05	13.978199	0.073990285
20151004	1	0.05	12.198587	0.070536137
20151004	1	0.05	14.613952	0.097963154
20151004	1	0.05	12.944953	0.084456563
20151004	1	0.05	13.749948	0.1038152
20151004	1	0.05	13.650571	0.08838892
20151004	1	0.05	14.696809	0.11577839
20151004	1	0.05	13.089121	0.11217892
20151004	1	0.05	13.574884	0.094227791
20151004	1	0.05	11.749933	0.061934352
20151004	1	0.05	13.231716	0.10444921
20151004	1	0.05	15.060358	0.085600793
20151004	1	0.05	13.372792	0.092418432
20151004	1	0.05	13.814025	0.083197117
20151004	1	0.05	13.883109	0.081965327
20151004	1	0.05	13.498773	0.076547205
20151004	1	0.05	8.0839844	0.029602349
20151004	1	0.05	12.796288	0.0769853
20151004	1	0.05	14.062184	0.078937829
20151004	1	0.05	14.441719	0.096052349
20151004	1	0.05	13.178774	0.088857234
20151004	1	0.05	13.883109	0.081443489
20151004	1	0.05	13.978199	0.10731268
20151004	1	0.05	14.352264	0.076435566
20151004	1	0.05	14.357391	0.10354829
20151004	1	0.05	14.626536	0.044992089
20151004	1	0.05	12.747309	0.088471413
20151004	1	0.05	14.257088	0.085279405
20151004	1	0.05	13.553182	0.075956941
20151004	1	0.05	13.245614	0.069976509
20151004	1	0.05	12.936422	0.06723845
20151004	1	0.05	13.504224	0.0873245
20151004	1	0.05	12.02542	0.060815215
20151004	1	0.05	14.109207	0.076106191
20151004	1	0.05	14.083103	0.061440527
20151004	1	0.05	15.172333	0.091826916
20151004	1	0.05	12.36338	0.078575671
20151004	1	0.05	14.578659	0.089351535
20151004	1	0.05	17.015163	0.086288691
20151004	1	0.05	12.816401	0.059242547
20151004	1	0.05	13.909589	0.088168144
20151004	1	0.05	13.612781	0.077913165
20151004	1	0.05	13.449617	0.086985171
20151004	1	0.05	13.607373	0.072666347
20151004	1	0.05	16.400711	0.18340302
20151004	1	0.05	12.663321	0.078764915
20151004	1	0.05	17.144428	0.12306982
20151004	1	0.05	14.751787	0.11786425
20151004	1	0.05	14.41877	0.089170933
20151004	1	0.05	14.502741	0.11818534
20151004	1	0.05	13.131221	0.078714967
20151004	1	0.05	12.770381	0.096615732
20151004	1	0.05	13.212235	0.088009775
20151004	1	0.05	13.655961	0.089987218
20151004	1	0.05	13.012996	0.067305148
20151004	1	0.05	13.452353	0.084969521
20151004	1	0.05	13.438669	0.082387388
20151004	1	0.05	13.367288	0.049757063
20151004	1	0.05	13.060977	0.071726024
20151004	1	0.05	12.016237	0.10309422
20151004	1	0.05	15.169908	0.09351325
20151004	1	0.05	14.927838	0.095086217
20151004	1	0.05	12.508367	0.077970028
20151004	1	0.05	12.919345	0.081420362
20151004	1	0.05	14.015005	0.090957999
20151004	1	0.05	17.272724	0.12448514
20151004	1	0.05	13.474218	0.10069448
20151004	1	0.05	12.031538	0.10314006
20151004	1	0.05	14.103991	0.077352643
20151004	1	0.05	16.86965	0.1438092
20151004	1	0.05	14.454453	0.095324516
20151004	1	0.05	13.883109	0.095023811
20151004	1	0.05	12.12901	0.066357076
20151004	1	0.05	13.949213	0.03591013
20151004	1	0.05	13.457822	0.078660905
20151004	1	0.05	13.504224	0.074415088
20151004	1	0.05	14.184638	0.10322595
20151004	1	0.05	14.651672	0.10261661
20151004	1	0.05	12.339547	0.084777057
20151004	1	0.05	14.841313	0.078032374
20151004	1	0.05	12.449393	0.07124114
20151004	1	0.05	13.289989	0.063474894
20151004	1	0.05	15.092088	0.076554954
20151004	1	0.05	12.493649	0.070514798
20151004	1	0.05	13.912233	0.12519836
20151004	1	0.05	12.959159	0.077093422
20151004	1	0.05	14.119636	0.10226923
20151004	1	0.05	12.959159	0.078420579
20151004	1	0.05	11.960989	0.07286346
20151004	1	0.05	12.882266	0.085992694
20151004	1	0.05	12.82501	0.01145184
20151004	1	0.05	12.125977	0.076875806
20151004	1	0.05	12.839349	0.075588822
20151004	1	0.05	13.816689	0.0919438
20151004	1	0.05	13.867197	0.087956131
20151004	1	0.05	14.311185	0.097622514
20151004	1	0.05	12.99885	0.10214382
20151004	1	0.05	13.49332	0.11401981
20151004	1	0.05	14.631567	0.1270873
20151004	1	0.05	15.084771	0.094218314
20151004	1	0.05	11.973289	0.087457657
20151004	1	0.05	13.580305	0.07988435
20151004	1	0.05	13.845953	0.072961867
20151004	1	0.05	13.159214	0.099852681
20151004	1	0.05	11.982505	0.09281224
20151004	1	0.05	13.631689	0.088148832
20151004	1	0.05	13.331455	0.07742244
20151004	1	0.05	12.922193	0.089520812
20151004	1	0.05	14.434073	0.087956846
20151004	1	0.05	14.915508	0.074257016
20151004	1	0.05	13.925451	0.10230958
20151004	1	0.05	15.808943	0.12896597
20151004	1	0.05	15.094525	0.082427263
20151004	1	0.05	13.28445	0.09076041
20151004	1	0.05	14.711823	0.080427468
20151004	1	0.05	12.976184	0.10386419
20151004	1	0.05	12.94211	0.0754987
20151004	1	0.05	13.925451	0.0701738
20151004	1	0.05	15.018764	0.082911253
20151004	1	0.05	15.11158	0.12196314
20151004	1	0.05	11.012795	0.011910617
20151004	1	0.05	12.899393	0.09838748
20151004	1	0.05	12.511309	0.066070318
20151004	1	0.05	12.318655	0.10264194
20151004	1	0.05	13.731201	0.095288336
20151004	1	0.05	14.88093	0.083005011
20151004	1	0.05	13.476949	0.084786534
20151004	1	0.05	14.726822	0.094276249
20151004	1	0.05	13.195516	0.090487242
20151004	1	0.05	12.893686	0.11271
20151004	1	0.05	13.438669	0.084101021
20151004	1	0.05	14.618987	0.079725623
20151004	1	0.05	13.170395	0.070888638
20151004	1	0.05	15.053027	0.094114602
20151004	1	0.05	15.177182	0.11477482
20151004	1	0.05	15.479651	0.075440109
20151004	1	0.05	15.645164	0.068000197
20151004	1	0.05	12.019299	0.070998669
20151004	1	0.05	12.555346	0.098486006
20151004	1	0.05	12.625489	0.071843147
20151004	1	0.05	12.993187	0.084002793
20151004	1	0.05	12.674938	0.10010111
20151004	1	0.05	14.806562	0.085971951
20151004	1	0.05	13.178774	0.083283126
20151004	1	0.05	15.581532	0.10531944
20151004	1	0.05	13.975567	0.092567205
20151004	1	0.05	15.237673	0.09602356
20151004	1	0.05	12.706832	0.079511464
20151004	1	0.05	15.386665	0.11652333
20151004	1	0.05	14.01238	0.082778156
20151004	1	0.05	15.033458	0.11512703
20151004	1	0.05	12.58462	0.060564637
20151004	1	0.05	15.240088	0.085755229
20151004	1	0.05	14.174257	0.087770462
20151004	1	0.05	14.895759	0.078169584
20151004	1	0.05	14.507814	0.098591387
20151004	1	0.05	13.962396	0.083825231
20151004	1	0.05	13.476949	0.065806508
20151004	1	0.05	12.138108	0.12762004
20151004	1	0.05	14.908105	0.0813272
20151004	1	0.05	14.290601	0.097924352
20151004	1	0.05	12.470065	0.065526724
20151004	1	0.05	13.414003	0.079660594
20151004	1	0.05	12.99885	0.07144177
20151004	1	0.05	12.919345	0.092969
20151004	1	0.05	8.4576969	0.063503504
20151004	1	0.05	14.507814	0.12637556
20151004	1	0.05	13.010168	0.075632989
20151004	1	0.05	13.509672	0.078480959
20151004	1	0.05	14.613952	0.058592856
20151004	1	0.05	12.437564	0.095997632
20151004	1	0.05	12.192554	0.062827826
20151004	1	0.05	15.162628	0.097030878
20151004	1	0.05	15.101836	0.09392184
20151004	1	0.05	12.887978	0.11103952
20151004	1	0.05	13.792698	0.098165512
20151004	1	0.05	15.876299	0.073940098
20151004	1	0.05	9.8598518	0.016444147
20151004	1	0.05	14.608915	0.10053837
20151004	1	0.05	14.043857	0.097629964
20151004	1	0.05	9.4169989	0.0091196895
20151004	1	0.05	13.545034	0.083433211
20151004	1	0.05	14.898229	0.08348161
20151004	1	0.05	13.604669	0.090667546
20151004	1	0.05	13.198304	0.08700031
20151004	1	0.05	14.905637	0.090056658
20151004	1	0.05	12.770381	0.058103383
20151004	1	0.05	13.763322	0.074177921
20151004	1	0.05	12.534815	0.072129369
20151004	1	0.05	14.571085	0.084698677
20151004	1	0.05	13.988726	0.11393547
20151004	1	0.05	14.969685	0.086653769
20151004	1	0.05	13.156418	0.1013096
20151004	1	0.05	14.025503	0.062767148
20151004	1	0.05	15.30514	0.11770481
20151004	1	0.05	14.989335	0.081780612
20151004	1	0.05	12.839349	0.085937679
20151004	1	0.05	14.868561	0.11353338
20151004	1	0.05	13.899003	0.1038419
20151004	1	0.05	12.505424	0.05323863
20151004	1	0.05	11.796814	0.094512105
20151004	1	0.05	15.067686	0.10262489
20151004	1	0.05	12.189535	0.069319129
20151004	1	0.05	13.779352	0.11922044
20151004	1	0.05	13.628989	0.070833206
20151004	1	0.05	12.721303	0.066988945
20151004	1	0.05	12.107756	0.066216707
20151004	1	0.05	15.215924	0.083574355
20151004	1	0.05	14.54328	0.072203398
20151004	1	0.05	12.773262	0.088450372
20151004	1	0.05	13.367288	0.080307901
20151004	1	0.05	12.927887	0.091591835
20151004	1	0.05	12.787658	0.092535555
20151004	1	0.05	13.201092	0.077382028
20151004	1	0.05	13.117203	0.093301892
20151004	1	0.05	14.001872	0.081716061
20151004	1	0.05	13.397534	0.096475303
20151004	1	0.05	11.753064	0.060133219
20151004	1	0.05	14.028127	0.085503876
20151004	1	0.05	12.502481	0.073556125
20151004	1	0.05	15.759987	0.092881918
20151004	1	0.05	13.007339	0.07808429
20151004	1	0.05	13.928094	0.10353667
20151004	1	0.05	15.038352	0.10277396
20151004	1	0.05	14.704318	0.096119642
20151004	1	0.05	15.633399	0.085201681
20151004	1	0.05	11.400249	0.10476404
20151004	1	0.05	12.879409	0.07130748
20151004	1	0.05	13.381045	0.057930291
20151004	1	0.05	12.793411	0.071890712
20151004	1	0.05	13.588431	0.073120356
20151004	1	0.05	13.114397	0.077770531
20151004	1	0.05	15.405785	0.08504045
20151004	1	0.05	13.086308	0.08717376
20151004	1	0.05	13.914878	0.082177699
20151004	1	0.05	12.569992	0.085248172
20151004	1	0.05	12.721303	0.073327899
20151004	1	0.05	14.184638	0.10262716
20151004	1	0.05	13.203878	0.086341381
20151004	1	0.05	12.987522	0.063033104
20151004	1	0.05	14.507814	0.079073429
20151004	1	0.05	16.541454	0.099515736
20151004	1	0.05	12.037653	0.06638062
20151004	1	0.05	15.094525	0.089360118
20151004	1	0.05	12.470065	0.066358149
20151004	1	0.05	15.37231	0.068666756
20151004	1	0.05	13.394788	0.092099547
20151004	1	0.05	14.459543	0.10077351
20151004	1	0.05	12.724195	0.11754125
20151004	1	0.05	14.406004	0.12288696
20151004	1	0.05	13.872503	0.07720226
20151004	1	0.05	13.639784	0.089567065
20151004	1	0.05	13.220588	0.082886517
20151004	1	0.05	14.236425	0.10093474
20151004	1	0.05	14.786668	0.1008333
20151004	1	0.05	13.444144	0.11044282
20151004	1	0.05	13.427712	0.084995568
20151004	1	0.05	14.038615	0.088811934
20151004	1	0.05	12.558277	0.099321961
20151004	1	0.05	12.458257	0.076266468
20151004	1	0.05	14.249343	0.087868512
20151004	1	0.05	13.936017	0.085680664
20151004	1	0.05	13.837977	0.088671625
20151004	1	0.05	15.25698	0.095495045
20151004	1	0.05	15.223178	0.10574943
20151004	1	0.05	14.99179	0.10074794
20151004	1	0.05	16.47905	0.14085734
20151004	1	0.05	13.240057	0.068767309
20151004	1	0.05	14.075262	0.080041885
20151004	1	0.05	14.127452	0.11126637
20151004	1	0.05	15.417723	0.090114892
20151004	1	0.05	15.27867	0.11381716
20151004	1	0.05	14.01238	0.09885931
20151004	1	0.05	13.164805	0.095813334
20151004	1	0.05	15.776322	0.12330019
20151004	1	0.05	12.833615	0.06959033
20151004	1	0.05	12.92504	0.077646554
20151004	1	0.05	11.335511	0.067929685
20151004	1	0.05	15.901773	0.10143036
20151004	1	0.05	16.215693	0.11233282
20151004	1	0.05	13.672119	0.090923071
20151004	1	0.05	15.687441	0.11494595
20151004	1	0.05	13.231716	0.069818735
20151004	1	0.05	14.311185	0.092600048
20151004	1	0.05	12.776142	0.074668527
20151004	1	0.05	12.764617	0.066872835
20151004	1	0.05	14.028127	0.09149915
20151004	1	0.05	13.928094	0.08288306
20151004	1	0.05	15.609843	0.094727516
20151004	1	0.05	14.421322	0.076690674
20151004	1	0.05	12.85367	0.097038984
20151004	1	0.05	12.478914	0.072416902
20151004	1	0.05	13.618186	0.10846466
20151004	1	0.05	12.034595	0.071091592
20151004	1	0.05	14.553397	0.075610757
20151004	1	0.05	14.096162	0.075921476
20151004	1	0.05	13.265046	0.074546695
20151004	1	0.05	13.661349	0.099751234
20151004	1	0.05	12.78478	0.071388245
20151004	1	0.05	12.847943	0.087893665
20151004	1	0.05	14.251925	0.093560159
20151004	1	0.05	15.1893	0.088088512
20151004	1	0.05	14.041236	0.11372077
20151004	1	0.05	14.746798	0.094828129
20151004	1	0.05	14.464632	0.091696382
20151004	1	0.05	14.01238	0.069486558
20151004	1	0.05	14.766746	0.097843051
20151004	1	0.05	14.416218	0.089401066
20151004	1	0.05	14.888347	0.080519736
20151004	1	0.05	13.466022	0.079396963
20151004	1	0.05	19.661774	0.15924251
20151004	1	0.05	15.174758	0.08780843
20151004	1	0.05	12.830748	0.075637937
20151004	1	0.05	14.861135	0.10060149
20151004	1	0.05	13.270593	0.071515143
20151004	1	0.05	15.429652	0.079399943
20151004	1	0.05	14.096162	0.087589025
20151004	1	0.05	14.398339	0.085568905
20151004	1	0.05	14.007127	0.10395086
20151004	1	0.05	12.487758	0.085389197
20151004	1	0.05	13.153621	0.077090919
20151004	1	0.05	14.814015	0.10065085
20151004	1	0.05	11.573233	0.097784042
20151004	1	0.05	14.608915	0.1024853
20151004	1	0.05	16.254223	0.098029017
20151004	1	0.05	14.439172	0.11283249
20151004	1	0.05	12.291742	0.088736713
20151004	1	0.05	20.533283	0.10394174
20151004	1	0.05	13.125615	0.081791341
20151004	1	0.05	14.213144	0.089218378
20151004	1	0.05	11.809284	0.059519708
20151004	1	0.05	13.993986	0.081217408
20151004	1	0.05	14.719324	0.093495011
20151004	1	0.05	13.367288	0.09732008
20151004	1	0.05	13.936017	0.078140318
20151004	1	0.05	13.120008	0.077171326
20151004	1	0.05	13.259497	0.077676415
20151004	1	0.05	13.782022	0.081365824
20151004	1	0.05	15.538965	0.10681373
20151004	1	0.05	15.841496	0.059137106
20151004	1	0.05	11.871439	0.065946698
20151004	1	0.05	14.313756	0.089142382
20151004	1	0.05	14.009753	0.092592478
20151004	1	0.05	12.396076	0.072416306
20151004	1	0.05	16.122387	0.096296012
20151004	1	0.05	13.295525	0.087111115
20151004	1	0.05	13.835319	0.10619253
20151004	1	0.05	16.106403	0.10383219
20151004	1	0.05	14.977057	0.080408275
20151004	1	0.05	13.696321	0.092772305
20151004	1	0.05	14.223495	0.074460745
20151004	1	0.05	14.197602	0.082856596
20151004	1	0.05	12.750196	0.061699808
20151004	1	0.05	12.21366	0.088395655
20151004	1	0.05	12.663321	0.097404361
20151004	1	0.05	12.698141	0.073018789
20151004	1	0.05	13.920166	0.10860372
20151004	1	0.05	14.528091	0.1165455
20151004	1	0.05	15.194144	0.12197328
20151004	1	0.05	13.757974	0.088023901
20151004	1	0.05	13.741917	0.092115998
20151004	1	0.05	10.725029	0.059402108
20151004	1	0.05	14.823948	0.098189652
20151004	1	0.05	14.535687	0.10344797
20151004	1	0.05	13.914878	0.086624682
20151004	1	0.05	14.838834	0.084318936
20151004	1	0.05	12.487758	0.099459529
20151004	1	0.05	12.683644	0.0657987
20151004	1	0.05	11.683984	0.073701918
20151004	1	0.05	12.902245	0.10808748
20151004	1	0.05	13.103169	0.076768816
20151004	1	0.05	16.186167	0.050611675
20151004	1	0.05	13.885759	0.018398523
20151004	1	0.05	14.043857	0.080654621
20151004	1	0.05	13.599258	0.1274423
20151004	1	0.05	13.872503	0.081840634
20151004	1	0.05	15.101836	0.10431111
20151004	1	0.05	11.413152	0.045335889
20151004	1	0.05	13.245614	0.096091926
20151004	1	0.05	15.685096	0.090064704
20151004	1	0.05	12.899393	0.10541487
20151004	1	0.05	13.658655	0.094864607
20151004	1	0.05	13.577595	0.082652807
20151004	1	0.05	14.426424	0.072069824
20151004	1	0.05	17.034616	0.12407935
20151004	1	0.05	13.555897	0.084453881
20151004	1	0.05	12.219685	0.071809232
20151004	1	0.05	12.850807	0.062811971
20151004	1	0.05	13.843295	0.07528019
20151004	1	0.05	15.128614	0.10220814
20151004	1	0.05	14.324035	0.086933792
20151004	1	0.05	10.700985	0.011798322
20151004	1	0.05	14.213144	0.12153554
20151004	1	0.05	16.924091	0.12961549
20151004	1	0.05	13.253945	0.083147883
20151004	1	0.05	15.472519	0.10994726
20151004	1	0.05	15.206248	0.092442274
20151004	1	0.05	11.329017	0.067771912
20151004	1	0.05	11.671379	0.063064575
20151004	1	0.05	12.747309	0.10578388
20151004	1	0.05	13.262272	0.082363188
20151004	1	0.05	12.876552	0.071949065
20151004	1	0.05	12.165361	0.061455846
20151004	1	0.05	12.939266	0.074709713
20151004	1	0.05	14.28545	0.075063229
20151004	1	0.05	13.993986	0.093008101
20151004	1	0.05	14.117029	0.099815726
20151004	1	0.05	15.439188	0.10715359
20151004	1	0.05	16.581446	0.11733747
20151004	1	0.05	17.14872	0.13262808
20151004	1	0.05	13.476949	0.084397376
20151004	1	0.05	14.776711	0.11551797
20151004	1	0.05	12.930733	0.095161855
20151004	1	0.05	12.747309	0.12100929
20151004	1	0.05	13.550467	0.078028798
20151004	1	0.05	12.558277	0.089927852
20151004	1	0.05	13.309356	0.085915923
20151004	1	0.05	15.567355	0.085316122
20151004	1	0.05	13.145225	0.089270711
20151004	1	0.05	13.896356	0.13824028
20151004	1	0.05	15.52949	0.093704164
20151004	1	0.05	15.647515	0.092009068
20151004	1	0.05	14.858658	0.10525995
20151004	1	0.05	14.17166	0.073044121
20151004	1	0.05	12.493649	0.064991891
20151004	1	0.05	12.330598	0.08372581
20151004	1	0.05	14.101381	0.073539972
20151004	1	0.05	15.635753	0.092538595
20151004	1	0.05	13.920166	0.081012368
20151004	1	0.05	12.622574	0.07267195
20151004	1	0.05	12.976184	0.078525484
20151004	1	0.05	13.148024	0.081552625
20151004	1	0.05	14.339439	0.062699497
20151004	1	0.05	13.265046	0.079126716
20151004	1	0.05	13.159214	0.11660355
20151004	1	0.05	14.634082	0.095740378
20151004	1	0.05	13.666735	0.076008022
20151004	1	0.05	14.329171	0.053659797
20151004	1	0.05	11.756195	0.072422683
20151004	1	0.05	13.88841	0.086380064
20151004	1	0.05	15.562628	0.11288333
20151004	1	0.05	13.962396	0.06769526
20151004	1	0.05	15.429652	0.11045653
20151004	1	0.05	14.56856	0.096392691
20151004	1	0.05	15.598054	0.074438453
20151004	1	0.05	10.450473	0.027707696
20151004	1	0.05	12.625489	0.078163624
20151004	1	0.05	14.29575	0.1194821
20151004	1	0.05	16.351276	0.10940987
20151004	1	0.05	15.084771	0.14877212
20151004	1	0.05	15.717905	0.095751166
20151004	1	0.05	12.979019	0.059709668
20151004	1	0.05	12.692345	0.073475718
20151004	1	0.05	11.693428	0.092865229
20151004	1	0.05	16.654518	0.12007684
20151004	1	0.05	17.984503	0.087985635
20151004	1	0.05	12.827879	0.077320278
20151004	1	0.05	15.422496	0.13519412
20151004	1	0.05	12.36338	0.073037565
20151004	1	0.05	15.980255	0.14022255
20151004	1	0.05	13.117203	0.071867943
20151004	1	0.05	12.741534	0.068719029
20151004	1	0.05	13.752624	0.076974094
20151004	1	0.05	11.351729	0.099826455
20151004	1	0.05	13.715114	0.093457341
20151004	1	0.05	14.94262	0.085550785
20151004	1	0.05	13.245614	0.086756825
20151004	1	0.05	15.128614	0.09692347
20151004	1	0.05	14.754281	0.081463635
20151004	1	0.05	13.653266	0.095196664
20151004	1	0.05	15.931827	0.10088003
20151004	1	0.05	14.169064	0.085300803
20151004	1	0.05	12.508367	0.092808962
20151004	1	0.05	14.28545	0.093967319
20151004	1	0.05	13.553182	0.079804897
20151004	1	0.05	17.247141	0.11677498
20151004	1	0.05	13.117203	0.076959252
20151004	1	0.05	12.944953	0.097554207
20151004	1	0.05	11.902394	0.10214698
20151004	1	0.05	12.822141	0.093062341
20151004	1	0.05	12.905097	0.087297142
20151004	1	0.05	13.386544	0.089348793
20151004	1	0.05	13.080684	0.083467126
20151004	1	0.05	15.240088	0.069544971
20151004	1	0.05	12.744422	0.0605371
20151004	1	0.05	11.371162	0.056072652
20151004	1	0.05	15.748309	0.1045599
20151004	1	0.05	15.104273	0.095155597
20151004	1	0.05	12.30072	0.06820339
20151004	1	0.05	11.89621	0.068187177
20151004	1	0.05	12.53775	0.062861323
20151004	1	0.05	13.628989	0.081269026
20151004	1	0.05	12.297729	0.067058384
20151004	1	0.05	14.24676	0.13828474
20151004	1	0.05	11.316017	0.095034122
20151004	1	0.05	12.315668	0.074403524
20151004	1	0.05	15.964129	0.13120341
20151004	1	0.05	14.380439	0.10750359
20151004	1	0.05	14.656694	0.10983229
20151004	1	0.05	13.88841	0.092318654
20151004	1	0.05	15.089649	0.090488851
20151004	1	0.05	12.936422	0.08553654
20151004	1	0.05	12.796288	0.079527318
20151004	1	0.05	15.341161	0.1044625
20151004	1	0.05	12.135077	0.068741202
20151004	1	0.05	12.098635	0.086338818
20151004	1	0.05	12.776142	0.061374962
20151004	1	0.05	13.336974	0.10911494
20151004	1	0.05	15.075011	0.076869071
20151004	1	0.05	15.035905	0.075641692
20151004	1	0.05	14.064801	0.11066151
20151004	1	0.05	13.035598	0.074852467
20151004	1	0.05	12.910798	0.067014515
20151004	1	0.05	13.880459	0.14398837
20151004	1	0.05	11.61766	0.060000241
20151004	1	0.05	16.38949	0.10764891
20151004	1	0.05	12.581696	0.089351952
20151004	1	0.05	13.803366	0.085974038
20151004	1	0.05	12.936422	0.079893172
20151004	1	0.05	14.272565	0.087862909
20151004	1	0.05	13.237277	0.079426944
20151004	1	0.05	14.48751	0.062137246
20151004	1	0.05	15.152918	0.11864287
20151004	1	0.05	14.329171	0.073740482
20151004	1	0.05	12.285753	0.10294276
20151004	1	0.05	12.741534	0.070186138
20151004	1	0.05	12.543618	0.065213919
20151004	1	0.05	13.776682	0.081148386
20151004	1	0.05	12.836483	0.076281428
20151004	1	0.05	13.755299	0.075483799
20151004	1	0.05	13.941297	0.088516653
20151004	1	0.05	12.6546	0.07242769
20151004	1	0.05	14.197602	0.081358135
20151004	1	0.05	12.177454	0.085937381
20151004	1	0.05	13.54775	0.082709491
20151004	1	0.05	13.444144	0.13887835
20151004	1	0.05	14.512886	0.092318952
20151004	1	0.05	15.531859	0.078124404
20151004	1	0.05	13.634388	0.084814966
20151004	1	0.05	15.424882	0.09934932
20151004	1	0.05	12.944953	0.078052104
20151004	1	0.05	14.841313	0.11919439
20151004	1	0.05	12.599232	0.070592523
20151004	1	0.05	12.953479	0.067364156
20151004	1	0.05	12.150229	0.083927989
20151004	1	0.05	13.803366	0.082328558
20151004	1	0.05	15.004057	0.083605826
20151004	1	0.05	14.962308	0.09301275
20151004	1	0.05	14.223495	0.083715618
20151004	1	0.05	15.813597	0.094104052
20151004	1	0.05	14.799105	0.091093183
20151004	1	0.05	12.967674	0.10317373
20151004	1	0.05	10.283651	0.023379326
20151004	1	0.05	12.366356	0.096389115
20151004	1	0.05	8.2951603	0.088101983
20151004	1	0.05	14.86361	0.094659328
20151004	1	0.05	14.064801	0.082891881
20151004	1	0.05	13.273366	0.074973464
20151004	1	0.05	12.830748	0.087807178
20151004	1	0.05	14.145672	0.093752265
20151004	1	0.05	14.734316	0.092053056
20151004	1	0.05	13.378295	0.11914319
20151004	1	0.05	14.298324	0.088122487
20151004	1	0.05	14.629052	0.090410769
20151004	1	0.05	12.369331	0.074674189
20151004	1	0.05	12.619658	0.081628501
20151004	1	0.05	12.273767	0.10935807
20151004	1	0.05	12.150229	0.061527669
20151004	1	0.05	12.847943	0.081679046
20151004	1	0.05	13.501498	0.088253736
20151004	1	0.05	15.084771	0.08630532
20151004	1	0.05	13.476949	0.078545272
20151004	1	0.05	14.117029	0.1019749
20151004	1	0.05	13.400281	0.12847412
20151004	1	0.05	13.375544	0.096536815
20151004	1	0.05	15.118882	0.092573047
20151004	1	0.05	12.372306	0.070496261
20151004	1	0.05	12.956319	0.087407231
20151004	1	0.05	12.484811	0.10231644
20151004	1	0.05	13.965031	0.079413116
20151004	1	0.05	12.572919	0.10050023
20151004	1	0.05	13.744594	0.09032923
20151004	1	0.05	13.389293	0.076460779
20151004	1	0.05	12.318655	0.069635451
20151004	1	0.05	13.709746	0.11215031
20151004	1	0.05	12.390138	0.072755516
20151004	1	0.05	14.267407	0.11016834
20151004	1	0.05	13.114397	0.074960232
20151004	1	0.05	12.628403	0.076435924
20151004	1	0.05	14.038615	0.085514963
20151004	1	0.05	12.735757	0.072327018
20151004	1	0.05	14.664224	0.0920524
20151004	1	0.05	12.996018	0.13096648
20151004	1	0.05	13.128419	0.11186314
20151004	1	0.05	11.964066	0.046943128
20151004	1	0.05	12.973348	0.10062385
20151004	1	0.05	15.815924	0.11571091
20151004	1	0.05	16.349026	0.13358802
20151004	1	0.05	14.910573	0.080961049
20151004	1	0.05	16.019352	0.14666808
20151004	1	0.05	15.61927	0.15467155
20151004	1	0.05	11.960989	0.073480189
