Date IfLatB Conc DiameterA_um Def
20151001	0	0.001	13.416746	0.078784525
20151001	0	0.001	16.355778	0.052907884
20151001	0	0.001	13.536882	0.065879941
20151001	0	0.001	16.355778	0.052907884
20151001	0	0.001	13.536882	0.065879941
20151001	0	0.001	12.85367	0.086505532
20151001	0	0.001	13.84861	0.088866949
20151001	0	0.001	13.84861	0.088866949
20151001	0	0.001	16.215693	0.08743453
20151001	0	0.001	12.628403	0.066655517
20151001	0	0.001	13.569462	0.071567237
20151001	0	0.001	13.666735	0.073246717
20151001	0	0.001	13.564037	0.051345289
20151001	0	0.001	13.591139	0.070361972
20151001	0	0.001	16.308464	0.087739825
20151001	0	0.001	13.441407	0.07373786
20151001	0	0.001	12.496594	0.067561746
20151001	0	0.001	12.564136	0.074719787
20151001	0	0.001	14.362515	0.10764462
20151001	0	0.001	12.6546	0.078479409
20151001	0	0.001	15.191722	0.074221373
20151001	0	0.001	18.145416	0.101578
20151001	0	0.001	16.952333	0.091388881
20151001	0	0.001	13.265046	0.063744605
20151001	0	0.001	13.265046	0.070774853
20151001	0	0.001	12.422763	0.08323884
20151001	0	0.001	15.109144	0.10419244
20151001	0	0.001	17.570534	0.088139474
20151001	0	0.001	14.192417	0.043156922
20151001	0	0.001	14.674258	0.062738121
20151001	0	0.001	14.426424	0.086753726
20151001	0	0.001	14.73931	0.074762642
20151001	0	0.001	15.472519	0.10010201
20151001	0	0.001	13.276137	0.099906087
20151001	0	0.001	14.492589	0.088149905
20151001	0	0.001	15.317156	0.087849498
20151001	0	0.001	12.773262	0.071971714
20151001	0	0.001	14.439172	0.082584143
20151001	0	0.001	14.02288	0.1052115
20151001	0	0.001	12.729978	0.058549047
20151001	0	0.001	13.784693	0.051421881
20151001	0	0.001	13.741917	0.067935586
20151001	0	0.001	15.741298	0.082080007
20151001	0	0.001	12.967674	0.060425282
20151001	0	0.001	15.635753	0.091371655
20151001	0	0.001	14.277719	0.067585588
20151001	0	0.001	15.03101	0.076933861
20151001	0	0.001	13.184357	0.085879505
20151001	0	0.001	13.564037	0.080177248
20151001	0	0.001	12.138108	0.068686426
20151001	0	0.001	16.432093	0.061168134
20151001	0	0.001	12.186516	0.043682396
20151001	0	0.001	14.406004	0.076197803
20151001	0	0.001	14.130055	0.07280302
20151001	0	0.001	11.731129	0.079899728
20151001	0	0.001	13.094742	0.048803747
20151001	0	0.001	15.790311	0.079484165
20151001	0	0.001	14.098772	0.080541015
20151001	0	0.001	12.201604	0.080795705
20151001	0	0.001	13.167601	0.012201369
20151001	0	0.001	13.336974	0.071113706
20151001	0	0.001	13.01865	0.072134614
20151001	0	0.001	15.998666	0.10682452
20151001	0	0.001	16.270061	0.062609375
20151001	0	0.001	12.727086	0.059498072
20151001	0	0.001	19.325779	0.10683841
20151001	0	0.001	12.750196	0.053033829
20151001	0	0.001	13.422231	0.058371842
20151001	0	0.001	13.607373	0.064504623
20151001	0	0.001	14.833874	0.0866189
20151001	0	0.001	12.827879	0.055516005
20151001	0	0.001	13.010168	0.067189276
20151001	0	0.001	14.6918	0.069781661
20151001	0	0.001	13.835319	0.050991774
20151001	0	0.001	13.28445	0.072325289
20151001	0	0.001	13.517841	0.059420466
20151001	0	0.001	14.282874	0.077002764
20151001	0	0.001	14.789156	0.058059394
20151001	0	0.001	13.835319	0.081640542
20151001	0	0.001	14.280297	0.077118456
20151001	0	0.001	16.75145	0.076524794
20151001	0	0.001	14.033372	0.068528414
20151001	0	0.001	14.937695	0.067506433
20151001	0	0.001	18.431126	0.099346936
20151001	0	0.001	13.542317	0.082453072
20151001	0	0.001	14.331739	0.074849963
20151001	0	0.001	13.709746	0.049296916
20151001	0	0.001	17.105751	0.078818262
20151001	0	0.001	13.153621	0.057032704
20151001	0	0.001	14.704318	0.056310475
20151001	0	0.001	13.381045	0.088900983
20151001	0	0.001	12.198587	0.026029468
20151001	0	0.001	12.701039	0.068550229
20151001	0	0.001	13.253945	0.0615201
20151001	0	0.001	8.4140778	0.029771686
20151001	0	0.001	14.441719	0.091647863
20151001	0	0.001	15.223178	0.067369819
20151001	0	0.001	13.585723	0.077567399
20151001	0	0.001	14.169064	0.088627636
20151001	0	0.001	15.379489	0.081691742
20151001	0	0.001	16.612486	0.085233688
20151001	0	0.001	13.128419	0.065459669
20151001	0	0.001	15.593335	0.083408117
20151001	0	0.001	14.54581	0.07964623
20151001	0	0.001	14.269986	0.081456661
20151001	0	0.001	14.714324	0.081501901
20151001	0	0.001	11.834186	0.096495926
20151001	0	0.001	16.344524	0.11391819
20151001	0	0.001	12.99885	0.098094583
20151001	0	0.001	13.962396	0.057448447
20151001	0	0.001	12.419801	0.049979448
20151001	0	0.001	14.096162	0.061457098
20151001	0	0.001	12.619658	0.088856697
20151001	0	0.001	16.046892	0.090024292
20151001	0	0.001	15.572083	0.080291629
20151001	0	0.001	14.525558	0.087869644
20151001	0	0.001	14.523025	0.083033502
20151001	0	0.001	14.646648	0.062409401
20151001	0	0.001	13.607373	0.054686427
20151001	0	0.001	14.220908	0.1010831
20151001	0	0.001	14.324035	0.073923409
20151001	0	0.001	13.73656	0.078438163
20151001	0	0.001	13.323172	0.077740788
20151001	0	0.001	13.309356	0.058523476
20151001	0	0.001	12.21366	0.052145898
20151001	0	0.001	13.650571	0.079304576
20151001	0	0.001	12.425724	0.064337254
20151001	0	0.001	13.468755	0.058225334
20151001	0	0.001	15.463003	0.080926299
20151001	0	0.001	12.505424	0.056688011
20151001	0	0.001	12.321642	0.069502294
20151001	0	0.001	13.43593	0.061240733
20151001	0	0.001	13.645179	0.074424028
20151001	0	0.001	11.442132	0.06570214
20151001	0	0.001	15.694477	0.095605373
20151001	0	0.001	13.851267	0.065813243
20151001	0	0.001	15.14806	0.091952741
20151001	0	0.001	12.712623	0.058043182
20151001	0	0.001	16.96969	0.12905145
20151001	0	0.001	15.517638	0.06572938
20151001	0	0.001	12.964836	0.066892803
20151001	0	0.001	15.734283	0.072007
20151001	0	0.001	12.779022	0.0678491
20151001	0	0.001	13.027126	0.058598399
20151001	0	0.001	12.764617	0.072840691
20151001	0	0.001	12.689445	0.047371328
20151001	0	0.001	13.880459	0.090035319
20151001	0	0.001	14.148273	0.045673668
20151001	0	0.001	13.287219	0.06741488
20151001	0	0.001	13.175981	0.055838764
20151001	0	0.001	14.984425	0.073474109
20151001	0	0.001	15.50103	0.08560276
20151001	0	0.001	11.7374	0.066514134
20151001	0	0.001	14.73931	0.05385077
20151001	0	0.001	12.663321	0.081166446
20151001	0	0.001	14.878457	0.091912389
20151001	0	0.001	14.477346	0.091493309
20151001	0	0.001	16.204342	0.081199169
20151001	0	0.001	16.22023	0.096433878
20151001	0	0.001	12.198587	0.065376699
20151001	0	0.001	14.664224	0.06165427
20151001	0	0.001	12.602152	0.058947206
20151001	0	0.001	12.933578	0.049966931
20151001	0	0.001	13.922809	0.083053589
20151001	0	0.001	13.637086	0.077860594
20151001	0	0.001	14.408558	0.099648595
20151001	0	0.001	13.100361	0.062217951
20151001	0	0.001	14.017631	0.10338265
20151001	0	0.001	11.563689	0.055999696
20151001	0	0.001	15.477274	0.070697069
20151001	0	0.001	16.474583	0.11824816
20151001	0	0.001	11.8124	0.06464994
20151001	0	0.001	14.441719	0.085925937
20151001	0	0.001	15.089649	0.091518223
20151001	0	0.001	17.208696	0.098418951
20151001	0	0.001	12.905097	0.056993186
20151001	0	0.001	11.815515	0.049540222
20151001	0	0.001	11.942517	0.059681535
20151001	0	0.001	11.964066	0.069232523
20151001	0	0.001	13.276137	0.063529611
20151001	0	0.001	15.023664	0.071656942
20151001	0	0.001	13.424972	0.05469352
20151001	0	0.001	13.972934	0.067448318
20151001	0	0.001	14.365078	0.077640891
20151001	0	0.001	13.181565	0.058002114
20151001	0	0.001	13.912233	0.062834859
20151001	0	0.001	14.166467	0.090028524
20151001	0	0.001	15.708538	0.089529216
20151001	0	0.001	14.411112	0.090539992
20151001	0	0.001	15.393838	0.07369101
20151001	0	0.001	11.96714	0.051756978
20151001	0	0.001	11.674532	0.039833128
20151001	0	0.001	15.048137	0.086286962
20151001	0	0.001	14.059567	0.089288831
20151001	0	0.001	13.350761	0.071902037
20151001	0	0.001	13.626289	0.078475952
20151001	0	0.001	14.103991	0.087781668
20151001	0	0.001	13.569462	0.064159751
20151001	0	0.001	13.949213	0.078481913
20151001	0	0.001	15.048137	0.078500807
20151001	0	0.001	15.623981	0.075264454
20151001	0	0.001	15.386665	0.068842649
20151001	0	0.001	15.876299	0.080182076
20151001	0	0.001	16.806274	0.077987313
20151001	0	0.001	14.996698	0.11260962
20151001	0	0.001	16.623558	0.073345482
20151001	0	0.001	14.843793	0.068178654
20151001	0	0.001	12.201604	0.078582883
20151001	0	0.001	12.276765	0.071609676
20151001	0	0.001	12.366356	0.06199652
20151001	0	0.001	12.663321	0.09927994
20151001	0	0.001	14.153474	0.070543945
20151001	0	0.001	17.122952	0.10377401
20151001	0	0.001	14.598837	0.071967006
20151001	0	0.001	14.621504	0.064049363
20151001	0	0.001	11.877636	0.052985728
20151001	0	0.001	15.317156	0.08301264
20151001	0	0.001	15.729606	0.089526176
20151001	0	0.001	12.735757	0.049000323
20151001	0	0.001	15.460623	0.059267402
20151001	0	0.001	15.598054	0.10268801
20151001	0	0.001	15.652218	0.074806333
20151001	0	0.001	14.871036	0.10026628
20151001	0	0.001	14.999151	0.1206618
20151001	0	0.001	13.139626	0.047198892
20151001	0	0.001	15.092088	0.10257924
20151001	0	0.001	12.870835	0.066768825
20151001	0	0.001	13.37004	0.05975008
20151001	0	0.001	13.029951	0.064597964
20151001	0	0.001	14.367639	0.087747753
20151001	0	0.001	14.300897	0.095440149
20151001	0	0.001	12.842215	0.067634642
20151001	0	0.001	13.827337	0.057569861
20151001	0	0.001	13.314884	0.077049494
20151001	0	0.001	17.142282	0.083229721
20151001	0	0.001	15.73896	0.083612442
20151001	0	0.001	12.622574	0.072152257
20151001	0	0.001	14.17166	0.050233126
20151001	0	0.001	13.68288	0.069102824
20151001	0	0.001	14.495128	0.072846115
20151001	0	0.001	14.388113	0.097340167
20151001	0	0.001	16.66556	0.092896223
20151001	0	0.001	14.088327	0.10247636
20151001	0	0.001	17.02165	0.10025018
20151001	0	0.001	13.776682	0.091736913
20151001	0	0.001	13.883109	0.066236079
20151001	0	0.001	8.8280945	0.012121499
20151001	0	0.001	14.701816	0.08098793
20151001	0	0.001	13.896356	0.10244578
20151001	0	0.001	15.324362	0.064905941
20151001	0	0.001	10.891846	0.051821887
20151001	0	0.001	12.976184	0.062579334
20151001	0	0.001	12.484811	0.090453625
20151001	0	0.001	13.035598	0.087346435
20151001	0	0.001	14.578659	0.07490027
20151001	0	0.001	14.398339	0.080719471
20151001	0	0.001	13.303825	0.090466678
20151001	0	0.001	14.989335	0.083554685
20151001	0	0.001	14.659204	0.074320674
20151001	0	0.001	14.751787	0.089447737
20151001	0	0.001	14.176853	0.074601173
20151001	0	0.001	15.553167	0.061770141
20151001	0	0.001	14.059567	0.075525403
20151001	0	0.001	13.167601	0.055905104
20151001	0	0.001	13.044064	0.051869452
20151001	0	0.001	12.246756	0.074725389
20151001	0	0.001	14.226083	0.078274548
20151001	0	0.001	16.097261	0.079190969
20151001	0	0.001	13.610078	0.055090666
20151001	0	0.001	11.982505	0.061458707
20151001	0	0.001	13.403027	0.086176038
20151001	0	0.001	12.919345	0.046223223
20151001	0	0.001	14.08049	0.078291118
20151001	0	0.001	12.827879	0.060534179
20151001	0	0.001	14.806562	0.070114851
20151001	0	0.001	11.908576	0.071496665
20151001	0	0.001	14.244177	0.092969477
20151001	0	0.001	17.861319	0.082960427
20151001	0	0.001	14.495128	0.071643412
20151001	0	0.001	15.341161	0.092914343
20151001	0	0.001	13.72316	0.085249364
20151001	0	0.001	12.183496	0.076154649
20151001	0	0.001	15.198987	0.060431898
20151001	0	0.001	11.188481	0.050389171
20151001	0	0.001	13.515119	0.070865989
20151001	0	0.001	13.512396	0.047941148
20151001	0	0.001	13.295525	0.082019389
20151001	0	0.001	14.308614	0.089034259
20151001	0	0.001	13.877807	0.091715634
20151001	0	0.001	12.306702	0.047798693
20151001	0	0.001	11.821741	0.058637261
20151001	0	0.001	14.908105	0.062849343
20151001	0	0.001	12.372306	0.07703948
20151001	0	0.001	14.359954	0.081488788
20151001	0	0.001	18.647469	0.11167198
20151001	0	0.001	12.89654	0.078938842
20151001	0	0.001	12.605071	0.064428449
20151001	0	0.001	12.672034	0.061289191
20151001	0	0.001	13.896356	0.054873586
20151001	0	0.001	13.593846	0.077231228
20151001	0	0.001	15.474896	0.092190206
20151001	0	0.001	14.464632	0.10430449
20151001	0	0.001	13.032775	0.10059041
20151001	0	0.001	14.555925	0.067471325
20151001	0	0.001	15.417723	0.087204039
20151001	0	0.001	14.01238	0.079874754
20151001	0	0.001	13.816689	0.059626579
20151001	0	0.001	11.927101	0.064804673
20151001	0	0.001	13.336974	0.056538522
20151001	0	0.001	15.890199	0.095504522
20151001	0	0.001	12.842215	0.0703848
20151001	0	0.001	16.965353	0.083342135
20151001	0	0.001	13.851267	0.079117894
20151001	0	0.001	13.784693	0.06903559
20151001	0	0.001	12.680743	0.079087317
20151001	0	0.001	14.654183	0.078486025
20151001	0	0.001	13.553182	0.040002167
20151001	0	0.001	11.454988	0.059756637
20151001	0	0.001	12.813529	0.079831958
20151001	0	0.001	13.757974	0.071684837
20151001	0	0.001	13.975567	0.063906014
20151001	0	0.001	14.701816	0.07657212
20151001	0	0.001	13.628989	0.050945342
20151001	0	0.001	14.972142	0.066743433
20151001	0	0.001	14.249343	0.083702743
20151001	0	0.001	13.309356	0.061284482
20151001	0	0.001	13.755299	0.058638692
20151001	0	0.001	17.140135	0.10042375
20151001	0	0.001	13.181565	0.053678155
20151001	0	0.001	12.312679	0.0836308
20151001	0	0.001	12.887978	0.058179021
20151001	0	0.001	14.150873	0.067877054
20151001	0	0.001	15.936445	0.096958995
20151001	0	0.001	14.163869	0.056919217
20151001	0	0.001	12.496594	0.065039515
20151001	0	0.001	14.868561	0.1039198
20151001	0	0.001	14.981969	0.10073495
20151001	0	0.001	15.365127	0.079584301
20151001	0	0.001	13.669427	0.073275805
20151001	0	0.001	18.236444	0.1000728
20151001	0	0.001	13.835319	0.066760957
20151001	0	0.001	12.993187	0.071499348
20151001	0	0.001	12.354448	0.063700318
20151001	0	0.001	14.624021	0.067532539
20151001	0	0.001	14.028127	0.063839793
20151001	0	0.001	15.463003	0.071950912
20151001	0	0.001	14.098772	0.083192766
20151001	0	0.001	12.761734	0.063717604
20151001	0	0.001	12.422763	0.0519526
20151001	0	0.001	15.873981	0.08460772
20151001	0	0.001	12.944953	0.081036091
20151001	0	0.001	15.804287	0.088007212
20151001	0	0.001	14.749292	0.057774961
20151001	0	0.001	12.285753	0.059300423
20151001	0	0.001	12.833615	0.068745434
20151001	0	0.001	17.347126	0.1109221
20151001	0	0.001	15.564992	0.062738121
20151001	0	0.001	13.707063	0.086493671
20151001	0	0.001	11.824854	0.036587238
20151001	0	0.001	14.158672	0.070207536
20151001	0	0.001	13.209451	0.05881995
20151001	0	0.001	13.650571	0.057628453
20151001	0	0.001	13.752624	0.073272824
20151001	0	0.001	15.223178	0.083963215
20151001	0	0.001	13.553182	0.064154744
20151001	0	0.001	13.920166	0.074287713
20151001	0	0.001	13.688258	0.058023512
20151001	0	0.001	13.181565	0.060011208
20151001	0	0.001	14.088327	0.081673563
20151001	0	0.001	15.026113	0.054591238
20151001	0	0.001	12.850807	0.064308286
20151001	0	0.001	16.254223	0.074321747
20151001	0	0.001	14.520491	0.082695961
20151001	0	0.001	14.352264	0.076990962
20151001	0	0.001	14.23384	0.065159738
20151001	0	0.001	16.005564	0.084264338
20151001	0	0.001	15.750646	0.1027872
20151001	0	0.001	15.569719	0.058088958
20151001	0	0.001	13.959761	0.05564326
20151001	0	0.001	13.9703	0.085750997
20151001	0	0.001	13.701693	0.088561594
20151001	0	0.001	13.610078	0.055179954
20151001	0	0.001	15.369916	0.086026192
20151001	0	0.001	11.778084	0.057041705
20151001	0	0.001	16.46788	0.073978424
20151001	0	0.001	13.623589	0.10901684
20151001	0	0.001	12.85367	0.058148742
20151001	0	0.001	13.441407	0.084892511
20151001	0	0.001	13.661349	0.07044065
20151001	0	0.001	15.945679	0.09236896
20151001	0	0.001	13.181565	0.045131505
20151001	0	0.001	13.306591	0.060374677
20151001	0	0.001	14.583707	0.077103198
20151001	0	0.001	14.23384	0.078290224
20151001	0	0.001	14.996698	0.098661661
20151001	0	0.001	15.706195	0.065881968
20151001	0	0.001	15.505777	0.088562787
20151001	0	0.001	12.324629	0.082607329
20151001	0	0.001	15.016315	0.089744449
20151001	0	0.001	14.075262	0.071167529
20151001	0	0.001	15.936445	0.094995439
20151001	0	0.001	14.716825	0.058930516
20151001	0	0.001	14.596316	0.073175251
20151001	0	0.001	14.400895	0.076176405
20151001	0	0.001	14.390671	0.079474211
20151001	0	0.001	12.672034	0.054364681
20151001	0	0.001	15.943371	0.095069826
20151001	0	0.001	14.674258	0.077526927
20151001	0	0.001	14.103991	0.073906541
20151001	0	0.001	13.07787	0.089647651
20151001	0	0.001	16.331011	0.11469525
20151001	0	0.001	16.766819	0.09802407
20151001	0	0.001	13.896356	0.068106294
20151001	0	0.001	14.917974	0.075163186
20151001	0	0.001	13.187147	0.056534648
20151001	0	0.001	13.389293	0.056298316
20151001	0	0.001	14.925373	0.061932921
20151001	0	0.001	14.428974	0.068236411
20151001	0	0.001	19.770021	0.10954064
20151001	0	0.001	12.258768	0.050660849
20151001	0	0.001	15.290708	0.08346945
20151001	0	0.001	13.653266	0.072730243
20151001	0	0.001	14.043857	0.074811757
20151001	0	0.001	15.203828	0.080749154
20151001	0	0.001	13.856579	0.061573088
20151001	0	0.001	13.843295	0.05529052
20151001	0	0.001	13.159214	0.063019872
20151001	0	0.001	13.460556	0.080155015
20151001	0	0.001	14.054333	0.072389901
20151001	0	0.001	13.798034	0.072428763
20151001	0	0.001	15.694477	0.082523346
20151001	0	0.001	13.400281	0.068288088
20151001	0	0.001	14.523025	0.092287004
20151001	0	0.001	14.352264	0.075924635
20151001	0	0.001	12.428685	0.049035609
20151001	0	0.001	15.240088	0.081870615
20151001	0	0.001	13.904297	0.092316389
20151001	0	0.001	17.191582	0.081119955
20151001	0	0.001	15.133478	0.077329397
20151001	0	0.001	14.030749	0.078994989
20151001	0	0.001	12.499538	0.050052106
20151001	0	0.001	14.37276	0.069183528
20151001	0	0.001	14.821465	0.090384007
20151001	0	0.001	14.616469	0.089493036
20151001	0	0.001	17.974268	0.098970592
20151001	0	0.001	14.352264	0.063575268
20151001	0	0.001	14.085715	0.057772219
20151001	0	0.001	13.914878	0.069532633
20151001	0	0.001	11.979433	0.054296613
20151001	0	0.001	13.572173	0.082337677
20151001	0	0.001	15.474896	0.063657105
20151001	0	0.001	12.706832	0.039653778
20151001	0	0.001	14.927838	0.072392941
20151001	0	0.001	13.515119	0.060815513
20151001	0	0.001	13.891058	0.06624645
20151001	0	0.001	14.621504	0.079267979
20151001	0	0.001	12.578771	0.044546783
20151001	0	0.001	13.471487	0.075344443
20151001	0	0.001	16.056063	0.10526967
20151001	0	0.001	14.56098	0.072772741
20151001	0	0.001	16.138355	0.09184432
20151001	0	0.001	12.859395	0.058017731
20151001	0	0.001	14.207965	0.060715258
20151001	0	0.001	15.609843	0.086439133
20151001	0	0.001	15.094525	0.069839239
20151001	0	0.001	13.487865	0.065826356
20151001	0	0.001	14.388113	0.069947898
20151001	0	0.001	13.055343	0.08305943
20151001	0	0.001	14.311185	0.058693409
20151001	0	0.001	11.442132	0.078153849
20151001	0	0.001	15.381882	0.067315757
20151001	0	0.001	12.613826	0.07056278
20151001	0	0.001	13.31212	0.070964336
20151001	0	0.001	13.359027	0.10084885
20151001	0	0.001	14.905637	0.11908001
20151001	0	0.001	14.195009	0.095321476
20151001	0	0.001	14.964767	0.062653124
20151001	0	0.001	13.784693	0.082635999
20151001	0	0.001	11.582767	0.052010179
20151001	0	0.001	13.593846	0.079025865
20151001	0	0.001	14.446815	0.062363923
20151001	0	0.001	13.203878	0.04959625
20151001	0	0.001	17.204418	0.091196656
20151001	0	0.001	15.001605	0.093213916
20151001	0	0.001	17.291887	0.1047464
20151001	0	0.001	13.063795	0.071400762
20151001	0	0.001	13.520563	0.07264781
20151001	0	0.001	13.309356	0.062766016
20151001	0	0.001	16.630196	0.092890501
20151001	0	0.001	13.9703	0.074339569
20151001	0	0.001	18.960564	0.11724883
20151001	0	0.001	12.528942	0.040213764
20151001	0	0.001	13.414003	0.0630548
20151001	0	0.001	13.744594	0.06709379
20151001	0	0.001	12.36338	0.067923009
20151001	0	0.001	12.549484	0.070162833
20151001	0	0.001	14.937695	0.087073267
20151001	0	0.001	15.24733	0.08026582
20151001	0	0.001	13.142426	0.092324913
20151001	0	0.001	14.469719	0.076108754
20151001	0	0.001	12.836483	0.069454789
20151001	0	0.001	12.916496	0.060753942
20151001	0	0.001	15.225595	0.078115761
20151001	0	0.001	13.37004	0.064921319
20151001	0	0.001	13.699007	0.073195517
20151001	0	0.001	13.203878	0.085538149
20151001	0	0.001	13.397534	0.081261218
20151001	0	0.001	15.474896	0.068384111
20151001	0	0.001	13.367288	0.066820383
20151001	0	0.001	15.018764	0.063029468
20151001	0	0.001	17.319529	0.084161758
20151001	0	0.001	13.620888	0.058197081
20151001	0	0.001	14.017631	0.063691676
20151001	0	0.001	12.706832	0.06406796
20151001	0	0.001	15.12375	0.060379565
20151001	0	0.001	15.764656	0.095571101
20151001	0	0.001	14.48751	0.094733596
20151001	0	0.001	12.967674	0.07434094
20151001	0	0.001	14.324035	0.08802259
20151001	0	0.001	15.590975	0.085672975
20151001	0	0.001	12.484811	0.071992934
20151001	0	0.001	13.131221	0.055520773
20151001	0	0.001	13.631689	0.057813466
20151001	0	0.001	13.701693	0.088789761
20151001	0	0.001	14.259668	0.10109365
20151001	0	0.001	13.71243	0.080021262
20151001	0	0.001	12.499538	0.049964786
20151001	0	0.001	17.536995	0.070903599
20151001	0	0.001	17.614458	0.10784996
20151001	0	0.001	13.044064	0.069640219
20151001	0	0.001	13.289989	0.053861558
20151001	0	0.001	12.41091	0.083013713
20151001	0	0.001	13.262272	0.060585797
20151001	0	0.001	14.764254	0.07333672
20151001	0	0.001	13.301059	0.067160487
20151001	0	0.001	15.360336	0.095148385
20151001	0	0.001	15.345957	0.084917426
20151001	0	0.001	16.251959	0.084778011
20151001	0	0.001	16.023947	0.094503939
20151001	0	0.001	14.749292	0.087517142
20151001	0	0.001	13.07787	0.071178734
20151001	0	0.001	15.439188	0.083155036
20151001	0	0.001	13.094742	0.085003138
20151001	0	0.001	13.531445	0.057884693
20151001	0	0.001	12.543618	0.054653823
20151001	0	0.001	12.822141	0.053661287
20151001	0	0.001	11.528634	0.062314451
20151001	0	0.001	15.038352	0.066135705
20151001	0	0.001	14.23901	0.071058869
20151001	0	0.001	13.993986	0.06827122
20151001	0	0.001	16.297178	0.073851883
20151001	0	0.001	14.357391	0.095679343
20151001	0	0.001	14.035994	0.056915879
20151001	0	0.001	14.883403	0.061900735
20151001	0	0.001	15.815924	0.073218822
20151001	0	0.001	15.331564	0.10069984
20151001	0	0.001	12.622574	0.049256742
20151001	0	0.001	17.658272	0.10056919
20151001	0	0.001	12.721303	0.061118424
20151001	0	0.001	14.382998	0.084382176
20151001	0	0.001	14.954928	0.073098838
20151001	0	0.001	12.810657	0.046356797
20151001	0	0.001	14.077876	0.068373799
20151001	0	0.001	13.829998	0.095767021
20151001	0	0.001	13.397534	0.06950897
20151001	0	0.001	12.842215	0.067818284
20151001	0	0.001	15.369916	0.089523971
20151001	0	0.001	13.86985	0.057747126
20151001	0	0.001	13.645179	0.061554551
20151001	0	0.001	16.764624	0.074408114
20151001	0	0.001	14.308614	0.075151563
20151001	0	0.001	16.845638	0.087445974
20151001	0	0.001	15.30033	0.092088759
20151001	0	0.001	11.778084	0.037098467
20151001	0	0.001	14.308614	0.06421411
20151001	0	0.001	13.228935	0.074260771
20151001	0	0.001	16.154306	0.093728483
20151001	0	0.001	14.382998	0.074491143
20151001	0	0.001	15.062801	0.082713068
20151001	0	0.001	15.489157	0.085288048
20151001	0	0.001	12.470065	0.071520507
20151001	0	0.001	13.583014	0.085072696
20151001	0	0.001	13.150822	0.062745333
20151001	0	0.001	12.944953	0.057973444
20151001	0	0.001	13.433191	0.074462354
20151001	0	0.001	15.101836	0.068678439
20151001	0	0.001	19.339102	0.11208612
20151001	0	0.001	14.957389	0.073764145
20151001	0	0.001	16.384998	0.057791114
20151001	0	0.001	14.213144	0.079263389
20151001	0	0.001	12.78478	0.072025359
20151001	0	0.001	15.070128	0.069491804
20151001	0	0.001	14.362515	0.10964274
20151001	0	0.001	16.308464	0.1212824
20151001	0	0.001	14.207965	0.079517543
20151001	0	0.001	14.020255	0.064824104
20151001	0	0.001	13.875155	0.082232118
20151001	0	0.001	14.608915	0.072144985
20151001	0	0.001	13.967666	0.078035951
20151001	0	0.001	13.819351	0.1252932
20151001	0	0.001	11.985576	0.033860564
20151001	0	0.001	14.277719	0.081819773
20151001	0	0.001	12.692345	0.064908683
20151001	0	0.001	15.771657	0.089716554
20151001	0	0.001	14.318896	0.060862958
20151001	0	0.001	14.54328	0.099409044
20151001	0	0.001	12.750196	0.066058517
20151001	0	0.001	14.964767	0.083805978
20151001	0	0.001	13.73656	0.059621513
20151001	0	0.001	14.967226	0.074014306
20151001	0	0.001	13.07787	0.058664083
20151001	0	0.001	15.203828	0.092960596
20151001	0	0.001	12.09255	0.06699878
20151001	0	0.001	13.763322	0.090056479
20151001	0	0.001	14.213144	0.078049481
20151001	0	0.001	14.791644	0.083116233
20151001	0	0.001	13.988726	0.076122344
20151001	0	0.001	13.642482	0.065529346
20151001	0	0.001	15.121316	0.072302282
20151001	0	0.001	11.970215	0.051308215
20151001	0	0.001	14.344571	0.076503158
20151001	0	0.001	12.727086	0.084242046
20151001	0	0.001	14.434073	0.080675006
20151001	0	0.001	12.859395	0.057648838
20151001	0	0.001	12.819271	0.062529266
20151001	0	0.001	12.237739	0.059882522
20151001	0	0.001	13.170395	0.074376523
20151001	0	0.001	16.101833	0.074352205
20151001	0	0.001	15.152918	0.093176842
20151001	0	0.001	12.674938	0.076988041
20151001	0	0.001	14.954928	0.083857298
20151001	0	0.001	11.461411	0.056792974
20151001	0	0.001	15.355545	0.071091354
20151001	0	0.001	14.020255	0.077102542
20151001	0	0.001	16.028538	0.088564038
20151001	0	0.001	12.475965	0.05344981
20151001	0	0.001	14.786668	0.063244164
20151001	0	0.001	14.020255	0.083468616
20151001	0	0.001	12.796288	0.074941158
20151001	0	0.001	13.153621	0.070915282
20151001	0	0.001	13.752624	0.070881009
20151001	0	0.001	13.405771	0.068818927
20151001	0	0.001	13.914878	0.061871588
20151001	0	0.001	12.052928	0.056769311
20151001	0	0.001	16.610271	0.074735761
20151001	0	0.001	13.864543	0.073354363
20151001	0	0.001	15.453482	0.078359187
20151001	0	0.001	12.517189	0.059005022
20151001	0	0.001	14.636596	0.090614438
20151001	0	0.001	13.063795	0.10720903
20151001	0	0.001	11.945598	0.052915514
20151001	0	0.001	11.665072	0.05642432
20151001	0	0.001	12.561207	0.061398208
20151001	0	0.001	14.038615	0.070823193
20151001	0	0.001	13.832659	0.092827916
20151001	0	0.001	12.89654	0.066634119
20151001	0	0.001	13.463289	0.058823228
20151001	0	0.001	14.495128	0.056578338
20151001	0	0.001	15.701509	0.076378703
20151001	0	0.001	13.120008	0.079468966
20151001	0	0.001	14.674258	0.058036387
20151001	0	0.001	15.415336	0.062803209
20151001	0	0.001	15.446337	0.09210825
20151001	0	0.001	13.248392	0.075056314
20151001	0	0.001	12.150229	0.057660937
20151001	0	0.001	11.905485	0.051209152
20151001	0	0.001	14.37532	0.070318758
20151001	0	0.001	16.382751	0.097963214
20151001	0	0.001	15.048137	0.089784741
20151001	0	0.001	13.9703	0.073502183
20151001	0	0.001	12.842215	0.072097242
20151001	0	0.001	12.44348	0.072051764
20151001	0	0.001	13.336974	0.068273127
20151001	0	0.001	13.690946	0.081099451
20151001	0	0.001	13.707063	0.1120466
20151001	0	0.001	14.339439	0.088324845
20151001	0	0.001	14.122241	0.058499753
20151001	0	0.001	17.576815	0.083851635
20151001	0	0.001	12.729978	0.073220193
20151001	0	0.001	13.403027	0.067240894
20151001	0	0.001	14.434073	0.083461463
20151001	0	0.001	12.996018	0.069725752
20151001	0	0.001	14.08049	0.067489505
20151001	0	0.001	14.127452	0.0920434
20151001	0	0.001	14.858658	0.08275944
20151001	0	0.001	14.388113	0.069538474
20151001	0	0.001	11.172026	0.062519968
20151001	0	0.001	15.857746	0.080088019
20151001	0	0.001	13.457822	0.074019492
20151001	0	0.001	15.998666	0.081293702
20151001	0	0.001	16.530329	0.094897211
20151001	0	0.001	14.641623	0.062743306
20151001	0	0.001	13.00451	0.067155838
20151001	0	0.001	15.484405	0.061389685
20151001	0	0.001	16.030832	0.062632501
20151001	0	0.001	12.637141	0.070947051
20151001	0	0.001	14.017631	0.082835197
20151001	0	0.001	14.103991	0.067917168
20151001	0	0.001	14.117029	0.069374621
20151001	0	0.001	12.543618	0.062854946
20151001	0	0.001	15.403397	0.061226308
20151001	0	0.001	14.86361	0.099282384
20151001	0	0.001	14.969685	0.086602688
20151001	0	0.001	14.182043	0.071546018
20151001	0	0.001	12.833615	0.056764603
20151001	0	0.001	13.564037	0.066843271
20151001	0	0.001	14.321465	0.065460563
20151001	0	0.001	13.707063	0.061724007
20151001	0	0.001	15.722587	0.069377422
20151001	0	0.001	14.421322	0.05827719
20151001	0	0.001	16.443283	0.093220592
20151001	0	0.001	12.207634	0.074183524
20151001	0	0.001	14.809047	0.074801803
20151001	0	0.001	15.427267	0.069319963
20151001	0	0.001	14.495128	0.074695706
20151001	0	0.001	16.836899	0.1015985
20151001	0	0.001	14.940158	0.085411608
20151001	0	0.001	15.082332	0.071492612
20151001	0	0.001	12.996018	0.045861661
20151001	0	0.001	13.270593	0.053444386
20151001	0	0.001	13.245614	0.062701106
20151001	0	0.001	14.981969	0.086993873
20151001	0	0.001	13.012996	0.049999475
20151001	0	0.001	13.301059	0.066304028
20151001	0	0.001	12.987522	0.086102903
20151001	0	0.001	12.312679	0.049108148
20151001	0	0.001	13.416746	0.073801041
20151001	0	0.001	15.998666	0.10534608
20151001	0	0.001	13.173188	0.05720228
20151001	0	0.001	13.733881	0.075381458
20151001	0	0.001	14.223495	0.060943663
20151001	0	0.001	12.312679	0.064926147
20151001	0	0.001	13.991356	0.065314531
20151001	0	0.001	16.984861	0.087604761
20151001	0	0.001	12.879409	0.069848597
20151001	0	0.001	14.538218	0.060795188
20151001	0	0.001	12.870835	0.063052714
20151001	0	0.001	13.599258	0.064584196
20151001	0	0.001	14.744302	0.068475306
20151001	0	0.001	13.234497	0.069536865
20151001	0	0.001	13.707063	0.069807708
20151001	0	0.001	12.727086	0.053778231
20151001	0	0.001	14.78169	0.092220366
20151001	0	0.001	13.367288	0.075652003
20151001	0	0.001	13.479679	0.069662094
20151001	0	0.001	13.032775	0.081575394
20151001	0	0.001	14.984425	0.077879667
20151001	0	0.001	12.833615	0.073511481
20151001	0	0.001	11.715434	0.047457993
20151001	0	0.001	13.422231	0.063185751
20151001	0	0.001	12.14114	0.07267189
20151001	0	0.001	16.20207	0.089326084
20151001	0	0.001	13.853923	0.064293563
20151001	0	0.001	12.85367	0.060378313
20151001	0	0.001	15.731944	0.095044374
20151001	0	0.001	13.925451	0.054666042
20151001	0	0.001	17.034616	0.078601897
20151001	0	0.001	15.365127	0.10267711
20151001	0	0.001	12.528942	0.057526886
20151001	0	0.001	13.946574	0.094294906
20151001	0	0.001	15.825228	0.091776013
20151001	0	0.001	12.692345	0.058827341
20151001	0	0.001	13.212235	0.079086185
20151001	0	0.001	17.191582	0.068493128
20151001	0	0.001	13.408516	0.064121783
20151001	0	0.001	17.469723	0.099386096
20151001	0	0.001	15.07257	0.099808931
20151001	0	0.001	14.169064	0.057144463
20151001	0	0.001	13.835319	0.069413483
20151001	0	0.001	14.223495	0.10316646
20151001	0	0.001	13.904297	0.075898409
20151001	0	0.001	16.007862	0.095334291
20151001	0	0.001	12.724195	0.0719347
20151001	0	0.001	12.75308	0.077504814
20151001	0	0.001	14.119636	0.090041816
20151001	0	0.001	12.973348	0.064545751
20151001	0	0.001	14.48751	0.071792483
20151001	0	0.001	14.441719	0.07903862
20151001	0	0.001	26.346376	0.17254037
20151001	0	0.001	14.724323	0.069449365
20151001	0	0.001	13.259497	0.071829975
20151001	0	0.001	13.424972	0.079109073
20151001	0	0.001	11.280191	0.055783033
20151001	0	0.001	13.278909	0.061888278
20151001	0	0.001	12.013174	0.051954269
20151001	0	0.001	14.254506	0.067083478
20151001	0	0.001	14.176853	0.089739442
20151001	0	0.001	14.701816	0.059556544
20151001	0	0.001	12.959159	0.067847788
20151001	0	0.001	15.145631	0.078815579
20151001	0	0.001	14.908105	0.070000529
20151001	0	0.001	13.978199	0.071545303
20151001	0	0.001	13.209451	0.047380388
20151001	0	0.001	14.140469	0.064832389
20151001	0	0.001	13.54775	0.068237662
20151001	0	0.001	12.738646	0.054210246
20151001	0	0.001	14.479888	0.076881468
20151001	0	0.001	12.531878	0.07198894
20151001	0	0.001	15.553167	0.093608916
20151001	0	0.001	15.30033	0.076568842
20151001	0	0.001	13.988726	0.065057456
20151001	0	0.001	14.477346	0.074196279
20151001	0	0.001	13.356273	0.064513326
20151001	0	0.001	13.339733	0.073113501
20151001	0	0.001	12.642963	0.060489058
20151001	0	0.001	13.298292	0.058873892
20151001	0	0.001	15.806615	0.066637993
20151001	0	0.001	12.735757	0.074417114
20151001	0	0.001	12.02236	0.039355874
20151001	0	0.001	14.362515	0.082090795
20151001	0	0.001	14.344571	0.077258945
20151001	0	0.001	15.699165	0.097821653
20151001	0	0.001	14.719324	0.065070629
20151001	0	0.001	13.273366	0.054618955
20151001	0	0.001	13.173188	0.070206881
20151001	0	0.001	12.648783	0.063007116
20151001	0	0.001	13.145225	0.063056231
20151001	0	0.001	15.593335	0.081540883
20151001	0	0.001	12.599232	0.06052047
20151001	0	0.001	12.732867	0.089553714
20151001	0	0.001	15.326762	0.089171827
20151001	0	0.001	10.383357	0.01099056
20151001	0	0.001	15.631045	0.072798193
20151001	0	0.001	13.175981	0.076984823
20151001	0	0.001	15.97565	0.091943324
20151001	0	0.001	13.986095	0.10840368
20151001	0	0.001	13.814025	0.063776553
20151001	0	0.001	12.324629	0.058813691
20151001	0	0.001	12.593389	0.044171512
20151001	0	0.001	12.049874	0.066560864
20151001	0	0.001	11.8124	0.050278723
20151001	0	0.001	15.281078	0.075145781
20151001	0	0.001	14.046476	0.06025517
20151001	0	0.001	13.083497	0.059906542
20151001	0	0.001	12.75885	0.063020647
20151001	0	0.001	14.603877	0.098349452
20151001	0	0.001	14.915508	0.068182349
20151001	0	0.001	16.208883	0.12863582
20151001	0	0.001	16.188438	0.068757713
20151001	0	0.001	15.792642	0.079288483
20151001	0	0.001	13.877807	0.075027406
20151001	0	0.001	13.184357	0.052930593
20151001	0	0.001	12.228715	0.070494056
20151001	0	0.001	14.644135	0.074060678
20151001	0	0.001	15.30033	0.087922871
20151001	0	0.001	14.220908	0.067707658
20151001	0	0.001	13.198304	0.071372926
20151001	0	0.001	14.586228	0.071239948
20151001	0	0.001	14.67175	0.065914333
20151001	0	0.001	15.934136	0.067440808
20151001	0	0.001	12.910798	0.044417679
20151001	0	0.001	13.819351	0.083513737
20151001	0	0.001	13.234497	0.076390147
20151001	0	0.001	14.759268	0.065783322
20151001	0	0.001	15.30514	0.071550906
20151001	0	0.001	20.819803	0.13137633
20151001	0	0.001	16.22023	0.064751327
20151001	0	0.001	13.607373	0.065816641
20151001	0	0.001	13.792698	0.092334569
20151001	0	0.001	14.336873	0.067748308
20151001	0	0.001	11.680834	0.068632424
20151001	0	0.001	13.441407	0.059951425
20151001	0	0.001	14.676765	0.079592586
20151001	0	0.001	12.464163	0.065423489
20151001	0	0.001	15.673361	0.070939481
20151001	0	0.001	14.444267	0.091436386
20151001	0	0.001	15.033458	0.068958879
20151001	0	0.001	13.350761	0.066644251
20151001	0	0.001	14.007127	0.051636994
20151001	0	0.001	8.8696775	0.04521066
20151001	0	0.001	12.132044	0.058219492
20151001	0	0.001	12.887978	0.071869493
20151001	0	0.001	13.798034	0.066890836
20151001	0	0.001	14.57361	0.073949993
20151001	0	0.001	14.365078	0.094518661
20151001	0	0.001	12.637141	0.058601677
20151001	0	0.001	15.996366	0.076008916
20151001	0	0.001	13.986095	0.062970936
20151001	0	0.001	15.76699	0.08805418
20151001	0	0.001	15.203828	0.070574403
20151001	0	0.001	15.479651	0.079510629
20151001	0	0.001	12.882266	0.068354368
20151001	0	0.001	14.721824	0.065354347
20151001	0	0.001	15.815924	0.083203971
20151001	0	0.001	14.661715	0.070551217
20151001	0	0.001	13.108785	0.086099982
20151001	0	0.001	13.534163	0.069507599
20151001	0	0.001	15.089649	0.079556167
20151001	0	0.001	13.877807	0.065990806
20151001	0	0.001	14.464632	0.083980322
20151001	0	0.001	13.342491	0.082778811
20151001	0	0.001	12.865116	0.063441217
20151001	0	0.001	15.174758	0.068477452
20151001	0	0.001	15.938754	0.06964457
20151001	0	0.001	14.63911	0.070519984
20151001	0	0.001	15.244916	0.076383352
20151001	0	0.001	13.375544	0.067944825
20151001	0	0.001	13.501498	0.0725407
20151001	0	0.001	13.634388	0.088402271
20151001	0	0.001	12.599232	0.051034451
20151001	0	0.001	15.198987	0.09719336
20151001	0	0.001	16.438807	0.085761487
20151001	0	0.001	15.094525	0.059634745
20151001	0	0.001	13.427712	0.093384802
20151001	0	0.001	14.318896	0.064209938
20151001	0	0.001	13.139626	0.03810668
20151001	0	0.001	14.709322	0.077797472
20151001	0	0.001	14.096162	0.076662064
20151001	0	0.001	12.602152	0.053352773
20151001	0	0.001	12.75885	0.068432093
20151001	0	0.001	13.400281	0.078941643
20151001	0	0.001	12.282759	0.056485116
20151001	0	0.001	13.620888	0.05268681
20151001	0	0.001	13.914878	0.064606071
20151001	0	0.001	12.75885	0.08591336
20151001	0	0.001	14.766746	0.075289905
20151001	0	0.001	12.590466	0.064889312
20151001	0	0.001	14.37532	0.053178847
20151001	0	0.001	13.999244	0.077562332
20151001	0	0.001	15.026113	0.091537595
20151001	0	0.001	13.980832	0.082343042
20151001	0	0.001	11.715434	0.054791033
20151001	0	0.001	12.613826	0.067713976
20151001	0	0.001	12.847943	0.04260993
20151001	0	0.001	15.890199	0.059890568
20151001	0	0.001	12.692345	0.072158217
20151001	0	0.001	15.398618	0.077495456
20151001	0	0.001	14.056951	0.07056278
20151001	0	0.001	12.493649	0.069674075
20151001	0	0.001	12.781901	0.061712742
20151001	0	0.001	13.273366	0.076675057
20151001	0	0.001	11.852827	0.045597732
20151001	0	0.001	13.41126	0.093696356
20151001	0	0.001	13.620888	0.08304292
20151001	0	0.001	15.138341	0.088370264
20151001	0	0.001	12.695244	0.065660059
20151001	0	0.001	12.703936	0.062049925
20151001	0	0.001	13.840636	0.078865409
20151001	0	0.001	13.577595	0.066408515
20151001	0	0.001	15.991764	0.068030477
20151001	0	0.001	14.477346	0.083776176
20151001	0	0.001	15.422496	0.064446628
20151001	0	0.001	13.72316	0.079834819
20151001	0	0.001	14.313756	0.070556104
20151001	0	0.001	13.100361	0.071363688
20151001	0	0.001	13.39204	0.094725192
20151001	0	0.001	13.408516	0.054689944
20151001	0	0.001	15.403397	0.071192861
20151001	0	0.001	12.219685	0.058876812
20151001	0	0.001	13.075057	0.072237015
20151001	0	0.001	13.237277	0.064781785
20151001	0	0.001	14.321465	0.065243959
20151001	0	0.001	15.436805	0.082614303
20151001	0	0.001	14.613952	0.060837746
20151001	0	0.001	16.543678	0.096750498
20151001	0	0.001	15.887883	0.080559313
20151001	0	0.001	16.667768	0.081648588
20151001	0	0.001	15.47014	0.063108623
20151001	0	0.001	13.350761	0.058133245
20151001	0	0.001	15.931827	0.079952598
20151001	0	0.001	14.699312	0.08376199
20151001	0	0.001	14.308614	0.10475874
20151001	0	0.001	12.095593	0.052955031
20151001	0	0.001	14.999151	0.072252333
20151001	0	0.001	12.773262	0.063275039
20151001	0	0.001	14.811532	0.092623711
20151001	0	0.001	13.206664	0.062015235
20151001	0	0.001	14.388113	0.095438659
20151001	0	0.001	14.500204	0.066200495
20151001	0	0.001	13.498773	0.072979748
20151001	0	0.001	13.444144	0.072971642
20151001	0	0.001	12.802037	0.083210886
20151001	0	0.001	12.246756	0.054807425
20151001	0	0.001	12.575846	0.062427521
20151001	0	0.001	13.094742	0.069374025
20151001	0	0.001	12.6546	0.069999576
20151001	0	0.001	13.747271	0.073237956
20151001	0	0.001	13.100361	0.0889498
20151001	0	0.001	14.046476	0.06726402
20151001	0	0.001	11.936354	0.056116462
20151001	0	0.001	11.563689	0.052355349
20151001	0	0.001	12.979019	0.077796876
20151001	0	0.001	12.080373	0.036891222
20151001	0	0.001	12.865116	0.056919336
20151001	0	0.001	16.554796	0.067771018
20151001	0	0.001	12.528942	0.063155293
20151001	0	0.001	14.354828	0.078165591
20151001	0	0.001	14.408558	0.071658671
20151001	0	0.001	13.930736	0.063364506
20151001	0	0.001	12.71841	0.0733639
20151001	0	0.001	14.210555	0.068531215
20151001	0	0.001	15.338762	0.091393888
20151001	0	0.001	15.021214	0.074755907
20151001	0	0.001	15.815924	0.100546
20151001	0	0.001	13.631689	0.074487329
20151001	0	0.001	15.131047	0.068374336
20151001	0	0.001	12.810657	0.054111362
20151001	0	0.001	16.534779	0.050736845
20151001	0	0.001	12.666225	0.049883366
20151001	0	0.001	11.483862	0.052351236
20151001	0	0.001	15.661618	0.07777673
20151001	0	0.001	12.446437	0.064843059
20151001	0	0.001	14.696809	0.085877419
20151001	0	0.001	13.189938	0.080403149
20151001	0	0.001	12.773262	0.044086814
20151001	0	0.001	14.505278	0.10143971
20151001	0	0.001	13.949213	0.07782954
20151001	0	0.001	13.893707	0.087802827
20151001	0	0.001	13.980832	0.076900601
20151001	0	0.001	12.899393	0.041658938
20151001	0	0.001	16.636833	0.082905412
20151001	0	0.001	12.657507	0.065755427
20151001	0	0.001	14.646648	0.06208396
20151001	0	0.001	11.778084	0.06442064
20151001	0	0.001	13.069427	0.076133668
20151001	0	0.001	12.578771	0.06908077
20151001	0	0.001	15.324362	0.075861514
20151001	0	0.001	12.602152	0.054986775
20151001	0	0.001	15.011413	0.090556264
20151001	0	0.001	15.145631	0.079884946
20151001	0	0.001	13.645179	0.07795912
20151001	0	0.001	12.60799	0.072234631
20151001	0	0.001	13.517841	0.066233814
20151001	0	0.001	13.757974	0.068078995
20151001	0	0.001	14.051714	0.082883537
20151001	0	0.001	15.787981	0.081813753
20151001	0	0.001	13.978199	0.050952077
20151001	0	0.001	11.454988	0.052743614
20151001	0	0.001	13.757974	0.063008487
20151001	0	0.001	11.709151	0.052259445
20151001	0	0.001	14.449361	0.079413116
20151001	0	0.001	13.038421	0.057104349
20151001	0	0.001	15.929517	0.10454959
20151001	0	0.001	14.890818	0.069769621
20151001	0	0.001	13.251169	0.071192026
20151001	0	0.001	14.3702	0.074735284
20151001	0	0.001	11.815515	0.088731229
20151001	0	0.001	13.181565	0.067173243
20151001	0	0.001	14.558453	0.080648243
20151001	0	0.001	13.715114	0.078731179
20151001	0	0.001	15.242502	0.083191216
20151001	0	0.001	12.330598	0.072425067
20151001	0	0.001	13.914878	0.060326874
20151001	0	0.001	11.589119	0.054423392
20151001	0	0.001	16.876192	0.10175961
20151001	0	0.001	14.251925	0.055358529
20151001	0	0.001	14.007127	0.051357806
20151001	0	0.001	14.030749	0.095108986
20151001	0	0.001	14.009753	0.056724906
20151001	0	0.001	15.474896	0.06122154
20151001	0	0.001	14.41877	0.080895603
20151001	0	0.001	13.424972	0.082583427
20151001	0	0.001	12.71841	0.09160918
20151001	0	0.001	12.930733	0.069810927
20151001	0	0.001	11.740535	0.072673202
20151001	0	0.001	15.324362	0.055811822
20151001	0	0.001	12.712623	0.050846457
20151001	0	0.001	13.867197	0.076720297
20151001	0	0.001	11.874538	0.056518555
20151001	0	0.001	14.88093	0.10244757
20151001	0	0.001	12.552416	0.036439717
20151001	0	0.001	12.552416	0.050289273
20151001	0	0.001	13.757974	0.084730268
20151001	0	0.001	15.174758	0.070571423
20151001	0	0.001	17.212973	0.084041715
20151001	0	0.001	14.439172	0.054831147
20151001	0	0.001	14.563507	0.10978204
20151001	0	0.001	13.083497	0.067396104
20151001	0	0.001	12.793411	0.073842227
20151001	0	0.001	13.822014	0.068549991
20151001	0	0.001	14.096162	0.094507754
20151001	0	0.001	18.956682	0.12108314
20151001	0	0.001	12.153256	0.04900378
20151001	0	0.001	11.731129	0.075558364
20151001	0	0.001	15.913339	0.088016689
20151001	0	0.001	16.021648	0.060981631
20151001	0	0.001	14.195009	0.074007571
20151001	0	0.001	14.538218	0.077974916
20151001	0	0.001	13.720478	0.091036022
20151001	0	0.001	15.237673	0.059504032
20151001	0	0.001	14.744302	0.076757073
20151001	0	0.001	15.116448	0.079919517
20151001	0	0.001	13.867197	0.078918517
20151001	0	0.001	13.086308	0.059710562
20151001	0	0.001	12.787658	0.074382067
20151001	0	0.001	12.750196	0.066564023
20151001	0	0.001	15.715564	0.079413295
20151001	0	0.001	13.035598	0.072003126
20151001	0	0.001	15.198987	0.077845335
20151001	0	0.001	13.192726	0.064468861
20151001	0	0.001	12.09255	0.046063602
20151001	0	0.001	12.890832	0.051792681
20151001	0	0.001	13.899003	0.080533147
20151001	0	0.001	14.367639	0.067277491
20151001	0	0.001	12.642963	0.0580374
20151001	0	0.001	15.089649	0.10226107
20151001	0	0.001	13.558611	0.059655428
20151001	0	0.001	13.569462	0.054069936
20151001	0	0.001	14.515422	0.095469117
20151001	0	0.001	12.016237	0.068057299
20151001	0	0.001	11.809284	0.073792398
20151001	0	0.001	14.656694	0.10603708
20151001	0	0.001	15.271443	0.10303742
20151001	0	0.001	14.979513	0.058251321
20151001	0	0.001	11.072775	0.045973837
20151001	0	0.001	17.153011	0.07105875
20151001	0	0.001	13.39204	0.078230321
20151001	0	0.001	14.067417	0.075258076
20151001	0	0.001	11.749933	0.054532707
20151001	0	0.001	13.71243	0.066289723
20151001	0	0.001	14.200193	0.094305992
20151001	0	0.001	14.01238	0.045312583
20151001	0	0.001	14.454453	0.069526076
20151001	0	0.001	11.36145	0.044017673
20151001	0	0.001	12.94211	0.068282068
20151001	0	0.001	13.476949	0.071043789
20151001	0	0.001	13.460556	0.079798639
20151001	0	0.001	13.353518	0.060739219
20151001	0	0.001	13.117203	0.085214376
20151001	0	0.001	14.888347	0.083319128
20151001	0	0.001	12.552416	0.054446518
20151001	0	0.001	16.501364	0.12739152
20151001	0	0.001	14.098772	0.089624107
20151001	0	0.001	15.769323	0.069973588
20151001	0	0.001	14.163869	0.086586773
20151001	0	0.001	12.493649	0.069956839
20151001	0	0.001	14.182043	0.099216759
20151001	0	0.001	13.564037	0.081576288
20151001	0	0.001	16.331011	0.075058997
20151001	0	0.001	13.433191	0.05874002
20151001	0	0.001	13.289989	0.046194136
20151001	0	0.001	13.779352	0.076097786
20151001	0	0.001	12.850807	0.050977468
20151001	0	0.001	12.46121	0.068263769
20151001	0	0.001	11.883831	0.06598717
20151001	0	0.001	13.744594	0.056467891
20151001	0	0.001	13.419489	0.014028788
20151001	0	0.001	13.375544	0.058213711
20151001	0	0.001	15.084771	0.089382768
20151001	0	0.001	16.508053	0.079986453
20151001	0	0.001	16.297178	0.071710885
20151001	0	0.001	13.471487	0.054123044
20151001	0	0.001	16.149752	0.10245818
20151001	0	0.001	12.339547	0.066501915
20151001	0	0.001	14.555925	0.065386891
20151001	0	0.001	14.004499	0.069020748
20151001	0	0.001	12.58462	0.058798492
20151001	0	0.001	13.655961	0.060344934
20151001	0	0.001	14.533155	0.053227305
20151001	0	0.001	13.618186	0.045091093
20151001	0	0.001	12.876552	0.088829756
20151001	0	0.001	12.354448	0.044536054
20151001	0	0.001	14.347136	0.084751666
20151001	0	0.001	13.223372	0.059012055
20151001	0	0.001	14.174257	0.081555843
20151001	0	0.001	13.206664	0.07131815
20151001	0	0.001	12.062083	0.070808053
20151001	0	0.001	15.897144	0.10135454
20151001	0	0.001	12.890832	0.069522381
20151001	0	0.001	15.237673	0.071785569
20151001	0	0.001	13.752624	0.08226198
20151001	0	0.001	13.925451	0.073070168
20151001	0	0.001	14.411112	0.057774901
20151001	0	0.001	16.078964	0.074714839
20151001	0	0.001	14.035994	0.051228404
20151001	0	0.001	13.9703	0.067247927
20151001	0	0.001	16.387243	0.079584956
20151001	0	0.001	13.690946	0.044371843
20151001	0	0.001	16.042307	0.079901338
20151001	0	0.001	15.588614	0.096008599
20151001	0	0.001	14.385555	0.083003342
20151001	0	0.001	14.393228	0.077684641
20151001	0	0.001	13.328694	0.058871865
20151001	0	0.001	13.837977	0.060837984
20151001	0	0.001	12.049874	0.048851669
20151001	0	0.001	14.411112	0.06696564
20151001	0	0.001	14.163869	0.1036194
20151001	0	0.001	13.68288	0.060540259
20151001	0	0.001	14.507814	0.073969126
20151001	0	0.001	14.474804	0.10809898
20151001	0	0.001	14.679273	0.094890773
20151001	0	0.001	15.463003	0.081708193
20151001	0	0.001	12.037653	0.081036687
20151001	0	0.001	14.721824	0.072312832
20151001	0	0.001	12.747309	0.055155993
20151001	0	0.001	15.432036	0.061760604
20151001	0	0.001	15.47014	0.12364972
20151001	0	0.001	12.689445	0.068687201
20151001	0	0.001	12.339547	0.061587274
20151001	0	0.001	13.972934	0.06934917
20151001	0	0.001	15.324362	0.080506504
20151001	0	0.001	14.54075	0.081617177
20151001	0	0.001	14.41877	0.089274168
20151001	0	0.001	14.423873	0.086088121
20151001	0	0.001	13.877807	0.073320329
20151001	0	0.001	14.684285	0.062343061
20151001	0	0.001	11.608154	0.052274585
20151001	0	0.001	15.88325	0.073190868
20151001	0	0.001	13.39204	0.056303799
20151001	0	0.001	12.30072	0.056684554
20151001	0	0.001	13.217805	0.061958492
20151001	0	0.001	12.216673	0.047133923
20151001	0	0.001	12.695244	0.090904474
20151001	0	0.001	14.01238	0.067371726
20151001	0	0.001	15.715564	0.073312342
20151001	0	0.001	14.699312	0.062229693
20151001	0	0.001	12.75308	0.086512506
20151001	0	0.001	12.549484	0.058948517
20151001	0	0.001	12.467114	0.050572217
20151001	0	0.001	14.290601	0.089442611
20151001	0	0.001	13.044064	0.065148652
20151001	0	0.001	16.227034	0.07029289
20151001	0	0.001	14.182043	0.082388043
20151001	0	0.001	13.262272	0.059957206
20151001	0	0.001	16.545902	0.094620407
20151001	0	0.001	12.907948	0.04475522
20151001	0	0.001	13.877807	0.044012487
20151001	0	0.001	13.468755	0.091976523
20151001	0	0.001	12.437564	0.063619256
20151001	0	0.001	12.198587	0.070940137
20151001	0	0.001	14.538218	0.077640712
20151001	0	0.001	16.995689	0.071227968
20151001	0	0.001	13.504224	0.097354352
20151001	0	0.001	12.581696	0.071724057
20151001	0	0.001	14.535687	0.080213785
20151001	0	0.001	12.631316	0.062849641
20151001	0	0.001	14.56856	0.080718696
20151001	0	0.001	12.674938	0.064601898
20151001	0	0.001	12.804911	0.072146475
20151001	0	0.001	14.23384	0.087429821
20151001	0	0.001	14.313756	0.077274203
20151001	0	0.001	12.578771	0.063889921
20151001	0	0.001	12.876552	0.095864713
20151001	0	0.001	16.265537	0.082063913
20151001	0	0.001	13.487865	0.087593853
20151001	0	0.001	14.563507	0.076957881
20151001	0	0.001	13.044064	0.058713138
20151001	0	0.001	13.832659	0.054904819
20151001	0	0.001	14.644135	0.06997031
20151001	0	0.001	12.294736	0.016044617
20151001	0	0.001	15.131047	0.085063398
20151001	0	0.001	13.806031	0.083302021
20151001	0	0.001	15.336363	0.080393851
20151001	0	0.001	12.822141	0.06229198
20151001	0	0.001	12.953479	0.074822724
20151001	0	0.001	13.372792	0.052333236
20151001	0	0.001	12.113832	0.057471395
20151001	0	0.001	14.472262	0.068663299
20151001	0	0.001	15.569719	0.071545601
20151001	0	0.001	13.021476	0.064151645
20151001	0	0.001	13.487865	0.098330557
20151001	0	0.001	12.990355	0.069754601
20151001	0	0.001	12.845079	0.063900828
20151001	0	0.001	12.830748	0.068246424
20151001	0	0.001	14.806562	0.085903227
20151001	0	0.001	12.234732	0.064617574
20151001	0	0.001	15.033458	0.061285496
20151001	0	0.001	14.306042	0.071198702
20151001	0	0.001	13.534163	0.092565
20151001	0	0.001	12.475965	0.06060797
20151001	0	0.001	14.838834	0.086840332
20151001	0	0.001	14.555925	0.085662246
20151001	0	0.001	12.804911	0.067588389
20151001	0	0.001	14.930303	0.074561954
20151001	0	0.001	15.276262	0.07747817
20151001	0	0.001	14.833874	0.091460466
20151001	0	0.001	13.01865	0.078218162
20151001	0	0.001	12.101676	0.058861315
20151001	0	0.001	12.306702	0.057904601
20151001	0	0.001	14.262248	0.07828033
20151001	0	0.001	15.548434	0.0924896
20151001	0	0.001	15.968738	0.078864098
20151001	0	0.001	15.446337	0.08179909
20151001	0	0.001	12.514249	0.074748099
20151001	0	0.001	13.134023	0.059168696
20151001	0	0.001	14.311185	0.072874665
20151001	0	0.001	13.325933	0.071762979
20151001	0	0.001	17.008675	0.1099838
20151001	0	0.001	15.365127	0.073830664
20151001	0	0.001	14.67175	0.092297077
20151001	0	0.001	13.259497	0.060606599
20151001	0	0.001	11.668226	0.036530375
20151001	0	0.001	12.919345	0.060564399
20151001	0	0.001	15.510523	0.087064743
20151001	0	0.001	15.104273	0.081613719
20151001	0	0.001	13.528725	0.059672356
20151001	0	0.001	13.111591	0.080319643
20151001	0	0.001	14.836354	0.068252861
20151001	0	0.001	14.357391	0.082298577
20151001	0	0.001	11.871439	0.087670267
20151001	0	0.001	15.572083	0.090206087
20151001	0	0.001	12.776142	0.042218983
20151001	0	0.001	14.02288	0.064947844
20151001	0	0.001	13.542317	0.083095849
20151001	0	0.001	17.916857	0.084227741
20151001	0	0.001	13.181565	0.068234682
20151001	0	0.001	13.114397	0.079817593
20151001	0	0.001	13.920166	0.06096077
20151001	0	0.001	12.252764	0.058080435
20151001	0	0.001	14.811532	0.073569894
20151001	0	0.001	13.298292	0.068855643
20151001	0	0.001	15.645164	0.081533372
20151001	0	0.001	12.933578	0.069413185
20151001	0	0.001	12.303711	0.065874696
20151001	0	0.001	13.164805	0.082817256
20151001	0	0.001	13.206664	0.053836107
20151001	0	0.001	12.372306	0.065591931
20151001	0	0.001	13.555897	0.070448101
20151001	0	0.001	14.883403	0.08972913
20151001	0	0.001	13.231716	0.067497909
20151001	0	0.001	14.915508	0.087683082
20151001	0	0.001	15.557898	0.088178515
20151001	0	0.001	13.055343	0.050588012
20151001	0	0.001	13.192726	0.041187048
20151001	0	0.001	14.205375	0.089787364
20151001	0	0.001	14.195009	0.08378762
20151001	0	0.001	9.8074646	0.013433158
20151001	0	0.001	14.910573	0.088583589
20151001	0	0.001	16.060646	0.074530303
20151001	0	0.001	13.827337	0.087019742
20151001	0	0.001	15.106709	0.07451874
20151001	0	0.001	15.832201	0.078591883
20151001	0	0.001	15.489157	0.094036639
20151001	0	0.001	13.72316	0.063296974
20151001	0	0.001	12.428685	0.075266421
20151001	0	0.001	13.699007	0.04908222
20151001	0	0.001	16.501364	0.079274774
20151001	0	0.001	12.180475	0.042354226
20151001	0	0.001	14.028127	0.08488214
20151001	0	0.001	12.680743	0.070582211
20151001	0	0.001	12.890832	0.052030623
20151001	0	0.001	13.164805	0.093607724
20151001	0	0.001	12.6546	0.056994677
20151001	0	0.001	10.572991	0.055643499
20151001	0	0.001	12.156284	0.06215632
20151001	0	0.001	16.519194	0.086028278
20151001	0	0.001	13.278909	0.080026031
20151001	0	0.001	12.663321	0.063117504
20151001	0	0.001	14.890818	0.086538076
20151001	0	0.001	11.614492	0.052538037
20151001	0	0.001	13.9703	0.055813432
20151001	0	0.001	18.512798	0.084152102
20151001	0	0.001	13.400281	0.057979047
20151001	0	0.001	14.015005	0.056743562
20151001	0	0.001	14.308614	0.068530023
20151001	0	0.001	13.075057	0.064891934
20151001	0	0.001	13.117203	0.074868679
20151001	0	0.001	15.675709	0.094870806
20151001	0	0.001	13.024302	0.09513247
20151001	0	0.001	15.37231	0.07627815
20151001	0	0.001	15.769323	0.09889853
20151001	0	0.001	15.348354	0.058788359
20151001	0	0.001	14.910573	0.082965493
20151001	0	0.001	13.094742	0.066144049
20151001	0	0.001	15.317156	0.075962067
20151001	0	0.001	13.615483	0.072508335
20151001	0	0.001	13.768667	0.067920208
20151001	0	0.001	14.434073	0.059707344
20151001	0	0.001	14.388113	0.070813715
20151001	0	0.001	13.270593	0.082399368
20151001	0	0.001	15.157774	0.075093746
20151001	0	0.001	14.689296	0.078065038
20151001	0	0.001	14.462089	0.076932788
20151001	0	0.001	13.49332	0.075114191
20151001	0	0.001	12.865116	0.065223813
20151001	0	0.001	16.508053	0.090004683
20151001	0	0.001	13.925451	0.077471673
20151001	0	0.001	15.517638	0.065951705
20151001	0	0.001	12.810657	0.063817143
20151001	0	0.001	15.336363	0.087924242
20151001	0	0.001	14.280297	0.058253407
20151001	0	0.001	12.882266	0.062506974
20151001	0	0.001	13.28168	0.066136241
20151001	0	0.001	15.885567	0.082128346
20151001	0	0.001	13.234497	0.096838176
20151001	0	0.001	13.32041	0.071970344
20151001	0	0.001	11.93327	0.057583511
20151001	0	0.001	14.479888	0.066264093
20151001	0	0.001	16.716267	0.071524203
20151001	0	0.001	13.853923	0.070216238
20151001	0	0.001	14.606397	0.087461174
20151001	0	0.001	13.159214	0.056893587
20151001	0	0.001	12.113832	0.075637937
20151001	0	0.001	13.664042	0.079845548
20151001	0	0.001	14.989335	0.065791845
20151001	0	0.001	12.927887	0.086672246
20151001	0	0.001	12.303711	0.053260565
20151001	0	0.001	14.905637	0.084167421
20151001	0	0.001	13.403027	0.068250537
20151001	0	0.001	12.885122	0.054849565
20151001	0	0.001	12.162336	0.062316537
20151001	0	0.001	12.407944	0.059889376
20151001	0	0.001	15.152918	0.07716912
20151001	0	0.001	18.839857	0.11127728
20151001	0	0.001	13.055343	0.053149283
20151001	0	0.001	12.575846	0.061647713
20151001	0	0.001	13.032775	0.090548992
20151001	0	0.001	13.381045	0.079720438
20151001	0	0.001	14.910573	0.096029818
20151001	0	0.001	12.333582	0.060532749
20151001	0	0.001	11.8124	0.051783442
20151001	0	0.001	12.689445	0.050869524
20151001	0	0.001	13.21502	0.079439998
20151001	0	0.001	13.231716	0.070260465
20151001	0	0.001	12.016237	0.05704844
20151001	0	0.001	13.00168	0.06584841
20151001	0	0.001	15.778655	0.0871225
20151001	0	0.001	16.106403	0.10003543
20151001	0	0.001	13.795366	0.071708322
20151001	0	0.001	13.097551	0.059379816
20151001	0	0.001	12.640053	0.077142596
20151001	0	0.001	13.024302	0.061050773
20151001	0	0.001	13.058161	0.078428268
20151001	0	0.001	15.569719	0.077554047
20151001	0	0.001	14.150873	0.066963494
20151001	0	0.001	13.237277	0.060578465
20151001	0	0.001	12.674938	0.058293045
20151001	0	0.001	15.920275	0.082213819
20151001	0	0.001	14.495128	0.070911944
20151001	0	0.001	13.875155	0.061630666
20151001	0	0.001	15.225595	0.07610774
20151001	0	0.001	14.161271	0.066037416
20151001	0	0.001	13.350761	0.07642585
20151001	0	0.001	11.982505	0.046639919
20151001	0	0.001	13.353518	0.053377926
20151001	0	0.001	12.887978	0.054131627
20151001	0	0.001	16.505823	0.0752092
20151001	0	0.001	12.715516	0.053752124
20151001	0	0.001	13.201092	0.13859296
20151001	0	0.001	12.870835	0.067202568
20151001	0	0.001	12.162336	0.078347206
20151001	0	0.001	13.041243	0.10437006
20151001	0	0.001	13.28445	0.097459912
20151001	0	0.001	14.932767	0.072019994
20151001	0	0.001	12.174432	0.052452087
20151001	0	0.001	12.747309	0.067960203
20151001	0	0.001	13.501498	0.059999406
20151001	0	0.001	13.298292	0.043363392
20151001	0	0.001	14.09094	0.054618001
20151001	0	0.001	16.976194	0.10028976
20151001	0	0.001	13.949213	0.082177162
20151001	0	0.001	14.972142	0.090646684
20151001	0	0.001	15.998666	0.084586442
20151001	0	0.001	15.25698	0.074472606
20151001	0	0.001	15.184454	0.090061128
20151001	0	0.001	15.776322	0.079857469
20151001	0	0.001	13.463289	0.070336461
20151001	0	0.001	12.478914	0.063968897
20151001	0	0.001	16.685419	0.14361596
20151001	0	0.001	13.986095	0.061213732
20151001	0	0.001	13.693633	0.068580449
20151001	0	0.001	13.212235	0.067678809
20151001	0	0.001	12.94211	0.06479466
20151001	0	0.001	15.687441	0.075928211
20151001	0	0.001	11.724854	0.077231944
20151001	0	0.001	12.14417	0.080254257
20151001	0	0.001	13.43593	0.061338425
20151001	0	0.001	13.639784	0.058044493
20151001	0	0.001	16.349026	0.068982005
20151001	0	0.001	17.846891	0.11250895
20151001	0	0.001	15.118882	0.094829977
20151001	0	0.001	19.026434	0.1106717
20151001	0	0.001	11.849722	0.045071781
20151001	0	0.001	14.37276	0.088570297
20151001	0	0.001	13.983463	0.09019345
20151001	0	0.001	14.776711	0.07939744
20151001	0	0.001	12.92504	0.054331362
20151001	0	0.001	14.18723	0.084236026
20151001	0	0.001	14.87351	0.082931578
20151001	0	0.001	14.038615	0.065625429
20151001	0	0.001	12.944953	0.07730478
20151001	0	0.001	13.237277	0.055685461
20151001	0	0.001	12.470065	0.060953259
20151001	0	0.001	11.4582	0.065552711
20151001	0	0.001	16.023947	0.088603735
20151001	0	0.001	12.973348	0.063287318
20151001	0	0.001	16.37826	0.078844011
20151001	0	0.001	13.763322	0.060637772
20151001	0	0.001	12.555346	0.065476716
20151001	0	0.001	13.822014	0.05051738
20151001	0	0.001	11.671379	0.038813472
20151001	0	0.001	16.133795	0.099102676
20151001	0	0.001	16.136074	0.096736014
20151001	0	0.001	12.865116	0.08836931
20151001	0	0.001	14.57361	0.072986841
20151001	0	0.001	17.142282	0.083980441
20151001	0	0.001	13.978199	0.086890697
20151001	0	0.001	12.802037	0.060394228
20151001	0	0.001	13.498773	0.10057455
20151001	0	0.001	15.208668	0.073399663
20151001	0	0.001	14.878457	0.074861228
20151001	0	0.001	14.393228	0.065473676
20151001	0	0.001	15.489157	0.071031809
20151001	0	0.001	15.094525	0.083213389
20151001	0	0.001	12.458257	0.074491858
20151001	0	0.001	14.54075	0.076939523
20151001	0	0.001	15.616915	0.082766414
20151001	0	0.001	16.581446	0.081157923
20151001	0	0.001	14.846271	0.068469226
20151001	0	0.001	13.206664	0.062592566
20151001	0	0.001	14.721824	0.075477004
20151001	0	0.001	14.721824	0.069094419
20151001	0	0.001	14.02288	0.083602667
20151001	0	0.001	14.223495	0.090656459
20151001	0	0.001	13.599258	0.083519936
20151001	0	0.001	15.635753	0.07029593
20151001	0	0.001	12.475965	0.097238004
20151001	0	0.001	12.967674	0.042908669
20151001	0	0.001	12.882266	0.089789987
20151001	0	0.001	12.927887	0.070369005
20151001	0	0.001	12.083419	0.063861668
20151001	0	0.001	13.677501	0.080096781
20151001	0	0.001	13.816689	0.074876487
20151001	0	0.001	14.846271	0.071253121
20151001	0	0.001	12.993187	0.049411893
20151001	0	0.001	11.499872	0.027089775
20151001	0	0.001	17.764229	0.090935588
20151001	0	0.001	13.490593	0.071809292
20151001	0	0.001	15.934136	0.08849597
20151001	0	0.001	12.132044	0.041586041
20151001	0	0.001	13.763322	0.07721591
20151001	0	0.001	13.669427	0.066905379
20151001	0	0.001	14.666733	0.065243781
20151001	0	0.001	15.614558	0.075784147
20151001	0	0.001	12.21366	0.051233232
20151001	0	0.001	14.324035	0.068772316
20151001	0	0.001	14.804077	0.081004381
20151001	0	0.001	12.961998	0.06448406
20151001	0	0.001	11.309512	0.0540784
20151001	0	0.001	13.339733	0.082164586
20151001	0	0.001	13.577595	0.073881745
20151001	0	0.001	15.360336	0.081866443
20151001	0	0.001	15.314754	0.079883039
20151001	0	0.001	17.006512	0.091525137
20151001	0	0.001	17.581001	0.08108753
20151001	0	0.001	12.431645	0.057400942
20151001	0	0.001	15.333963	0.067918897
20151001	0	0.001	13.983463	0.056868911
20151001	0	0.001	13.596553	0.071809649
20151001	0	0.001	12.282759	0.051340759
20151001	0	0.001	15.994065	0.09752208
20151001	0	0.001	13.103169	0.080386281
20151001	0	0.001	14.362515	0.082525492
20151001	0	0.001	14.729321	0.077223063
20151001	0	0.001	12.487758	0.074226022
20151001	0	0.001	15.060358	0.091840327
20151001	0	0.001	13.784693	0.087925673
20151001	0	0.001	15.957213	0.095621049
20151001	0	0.001	13.394788	0.056656182
20151001	0	0.001	12.987522	0.058641434
20151001	0	0.001	15.206248	0.12087458
20151001	0	0.001	13.427712	0.011444032
20151001	0	0.001	14.176853	0.08474201
20151001	0	0.001	15.273853	0.087055147
20151001	0	0.001	13.666735	0.060619056
20151001	0	0.001	12.979019	0.068865299
20151001	0	0.001	13.375544	0.072529793
20151001	0	0.001	15.087211	0.079154849
20151001	0	0.001	13.479679	0.05846417
20151001	0	0.001	13.156418	0.058366597
20151001	0	0.001	12.741534	0.045737386
20151001	0	0.001	16.353527	0.078326344
20151001	0	0.001	12.564136	0.070922792
20151001	0	0.001	13.498773	0.056010485
20151001	0	0.001	15.799629	0.068510473
20151001	0	0.001	13.069427	0.0600878
20151001	0	0.001	13.424972	0.092477798
20151001	0	0.001	14.41877	0.062662244
20151001	0	0.001	13.782022	0.094999611
20151001	0	0.001	15.668665	0.088127375
20151001	0	0.001	12.813529	0.049381554
20151001	0	0.001	9.9379139	0.019512177
20151001	0	0.001	14.441719	0.077648759
20151001	0	0.001	15.460623	0.068897069
20151001	0	0.001	12.016237	0.05914712
20151001	0	0.001	13.768667	0.081897497
20151001	0	0.001	14.464632	0.080019653
20151001	0	0.001	15.228011	0.069615126
20151001	0	0.001	14.601357	0.054828644
20151001	0	0.001	13.596553	0.044888437
20151001	0	0.001	15.096963	0.093480706
20151001	0	0.001	13.851267	0.074283004
20151001	0	0.001	13.226153	0.057664394
20151001	0	0.001	12.425724	0.064642727
20151001	0	0.001	12.698141	0.044942021
20151001	0	0.001	14.469719	0.08568716
20151001	0	0.001	15.094525	0.076808691
20151001	0	0.001	14.046476	0.065550625
20151001	0	0.001	14.122241	0.084857285
20151001	0	0.001	14.464632	0.089767516
20151001	0	0.001	11.911665	0.056835532
20151001	0	0.001	12.827879	0.056919515
20151001	0	0.001	14.29575	0.063579559
20151001	0	0.001	12.007047	0.069694042
20151001	0	0.001	18.532665	0.10927868
20151001	0	0.001	12.819271	0.042960942
20151001	0	0.001	13.909589	0.065734923
20151001	0	0.001	14.957389	0.086667717
20151001	0	0.001	14.629052	0.073284745
20151001	0	0.001	12.631316	0.072434664
20151001	0	0.001	14.166467	0.068747759
20151001	0	0.001	15.84614	0.092671812
20151001	0	0.001	11.731129	0.063952148
20151001	0	0.001	14.306042	0.052302361
20151001	0	0.001	13.259497	0.062411606
20151001	0	0.001	16.147472	0.1038096
20151001	0	0.001	12.816401	0.05587095
20151001	0	0.001	12.086463	0.065690935
20151001	0	0.001	13.328694	0.077474654
20151001	0	0.001	13.00168	0.062138379
20151001	0	0.001	13.317647	0.062887669
20151001	0	0.001	12.243751	0.04781419
20151001	0	0.001	12.252764	0.066610157
20151001	0	0.001	13.946574	0.085804939
20151001	0	0.001	13.228935	0.030164599
20151001	0	0.001	16.037718	0.10527176
20151001	0	0.001	13.212235	0.072675288
20151001	0	0.001	14.02288	0.069928408
20151001	0	0.001	14.075262	0.084899306
20151001	0	0.001	11.483862	0.041713476
20151001	0	0.001	17.219385	0.096025765
20151001	0	0.001	14.759268	0.073640168
20151001	0	0.001	13.672119	0.070236862
20151001	0	0.001	12.944953	0.10273868
20151001	0	0.001	13.827337	0.05430299
20151001	0	0.001	14.393228	0.065141261
20151001	0	0.001	14.272565	0.0822106
20151001	0	0.001	12.842215	0.063169599
20151001	0	0.001	14.184638	0.088645339
20151001	0	0.001	12.802037	0.051317513
20151001	0	0.001	14.117029	0.086836457
20151001	0	0.001	12.816401	0.057355165
20151001	0	0.001	15.827553	0.095800936
20151001	0	0.001	16.687626	0.11180007
20151001	0	0.001	15.813597	0.10447669
20151001	0	0.001	14.804077	0.079634249
20151001	0	0.001	13.760648	0.068050742
20151001	0	0.001	15.503404	0.10336924
20151001	0	0.001	12.610909	0.060532749
20151001	0	0.001	14.37532	0.089088857
20151001	0	0.001	14.324035	0.069520593
20151001	0	0.001	13.688258	0.066651464
20151001	0	0.001	12.360403	0.067254245
20151001	0	0.001	13.930736	0.10009849
20151001	0	0.001	14.067417	0.055474579
20151001	0	0.001	15.106709	0.092919827
20151001	0	0.001	15.261803	0.086785316
20151001	0	0.001	14.321465	0.084712744
20151001	0	0.001	12.78478	0.058137834
20151001	0	0.001	15.885567	0.089848101
20151001	0	0.001	13.983463	0.064878523
20151001	0	0.001	13.41126	0.071444392
20151001	0	0.001	14.836354	0.086492717
20151001	0	0.001	14.37276	0.063652039
20151001	0	0.001	14.651672	0.082098544
20151001	0	0.001	14.030749	0.04914254
20151001	0	0.001	14.659204	0.068805039
20151001	0	0.001	13.634388	0.075653851
20151001	0	0.001	15.109144	0.066534638
20151001	0	0.001	15.133478	0.092249453
20151001	0	0.001	13.585723	0.059484422
20151001	0	0.001	13.100361	0.061437845
20151001	0	0.001	13.189938	0.062789261
20151001	0	0.001	12.804911	0.068884552
20151001	0	0.001	15.244916	0.091218293
20151001	0	0.001	13.273366	0.063561559
20151001	0	0.001	15.184454	0.078255773
20151001	0	0.001	13.610078	0.063889444
20151001	0	0.001	13.00168	0.052802742
20151001	0	0.001	13.896356	0.069407642
20151001	0	0.001	14.423873	0.067661285
20151001	0	0.001	12.449393	0.080404222
20151001	0	0.001	15.184454	0.094816744
20151001	0	0.001	14.231255	0.099959075
20151001	0	0.001	13.145225	0.058417499
20151001	0	0.001	15.512895	0.07613349
20151001	0	0.001	14.179448	0.085736871
20151001	0	0.001	13.262272	0.080553591
20151001	0	0.001	13.468755	0.064058006
20151001	0	0.001	15.348354	0.068885326
20151001	0	0.001	12.07428	0.07057339
20151001	0	0.001	13.707063	0.057188094
20151001	0	0.001	13.201092	0.077303231
20151001	0	0.001	12.162336	0.036174238
20151001	0	0.001	13.914878	0.10324675
20151001	0	0.001	14.520491	0.079667449
20151001	0	0.001	14.947545	0.081219077
20151001	0	0.001	12.92504	0.057624042
20151001	0	0.001	13.959761	0.058425725
20151001	0	0.001	16.206614	0.09704262
20151001	0	0.001	14.41877	0.063595355
20151001	0	0.001	13.728521	0.06345433
20151001	0	0.001	15.503404	0.068412185
20151001	0	0.001	15.685096	0.087400019
20151001	0	0.001	13.596553	0.077287018
20151001	0	0.001	13.768667	0.054206729
20151001	0	0.001	13.811361	0.096971273
20151001	0	0.001	12.919345	0.057867706
20151001	0	0.001	13.631689	0.066765249
20151001	0	0.001	13.43593	0.073969781
20151001	0	0.001	14.088327	0.086320043
20151001	0	0.001	12.721303	0.073752403
20151001	0	0.001	14.359954	0.083905756
20151001	0	0.001	18.671133	0.10138178
20151001	0	0.001	13.108785	0.090246201
20151001	0	0.001	15.780987	0.068156242
20151001	0	0.001	19.344809	0.10196573
20151001	0	0.001	12.15931	0.043915272
20151001	0	0.001	14.898229	0.076785743
20151001	0	0.001	14.179448	0.077550948
20151001	0	0.001	13.776682	0.05845511
20151001	0	0.001	12.013174	0.054204404
20151001	0	0.001	16.131514	0.10893553
20151001	0	0.001	15.536597	0.088295341
20151001	0	0.001	14.972142	0.094789326
20151001	0	0.001	14.210555	0.066751778
20151001	0	0.001	14.576135	0.074833632
20151001	0	0.001	13.01865	0.077979863
20151001	0	0.001	13.359027	0.07569325
20151001	0	0.001	14.969685	0.053344369
20151001	0	0.001	12.967674	0.054048538
20151001	0	0.001	13.069427	0.059393108
20151001	0	0.001	13.292757	0.055454314
20151001	0	0.001	15.422496	0.11829871
20151001	0	0.001	15.899459	0.089731455
20151001	0	0.001	14.548339	0.085432708
20151001	0	0.001	12.276765	0.060959935
20151001	0	0.001	13.893707	0.11140299
20151001	0	0.001	14.794131	0.068304062
20151001	0	0.001	13.717796	0.068751276
20151001	0	0.001	14.530623	0.066819906
20151001	0	0.001	14.86361	0.098831534
20151001	0	0.001	14.86361	0.091960788
20151001	0	0.001	12.531878	0.052790642
20151001	0	0.001	16.854374	0.085080743
20151001	0	0.001	15.118882	0.055337548
20151001	0	0.001	13.217805	0.047919929
20151001	0	0.001	11.796814	0.05383563
20151001	0	0.001	11.890022	0.047437608
20151001	0	0.001	13.517841	0.08484751
20151001	0	0.001	12.715516	0.082283616
20151001	0	0.001	15.30033	0.035288513
20151001	0	0.001	13.580305	0.059844613
20151001	0	0.001	12.071232	0.054189503
20151001	0	0.001	12.037653	0.058025181
20151001	0	0.001	13.37004	0.07425642
20151001	0	0.001	11.930186	0.064385235
20151001	0	0.001	15.862386	0.093627512
20151001	0	0.001	14.550868	0.046861708
20151001	0	0.001	12.246756	0.076220036
20151001	0	0.001	11.908576	0.05923605
20151001	0	0.001	14.704318	0.081918001
20151001	0	0.001	14.495128	0.084450841
20151001	0	0.001	13.550467	0.058721304
20151001	0	0.001	13.56675	0.056460738
20151001	0	0.001	13.930736	0.076864183
20151001	0	0.001	13.353518	0.071615696
20151001	0	0.001	15.76699	0.065725207
20151001	0	0.001	15.612201	0.069495201
20151001	0	0.001	14.124846	0.064936042
20151001	0	0.001	15.987162	0.082682788
20151001	0	0.001	15.145631	0.072697878
20151001	0	0.001	13.265046	0.095746815
20151001	0	0.001	18.33304	0.088972688
20151001	0	0.001	12.981854	0.062405169
20151001	0	0.001	13.79003	0.068942606
20151001	0	0.001	12.177454	0.070666134
20151001	0	0.001	12.575846	0.053339541
20151001	0	0.001	14.308614	0.10849512
20151001	0	0.001	15.035905	0.071761549
20151001	0	0.001	13.930736	0.052869439
20151001	0	0.001	14.156074	0.057160854
20151001	0	0.001	13.289989	0.063147306
20151001	0	0.001	14.02288	0.058036566
20151001	0	0.001	13.531445	0.057539284
20151001	0	0.001	12.425724	0.050435364
20151001	0	0.001	14.786668	0.091058731
20151001	0	0.001	14.290601	0.083455384
20151001	0	0.001	15.126183	0.091274321
20151001	0	0.001	14.166467	0.071430564
20151001	0	0.001	14.588751	0.074781358
20151001	0	0.001	13.175981	0.079784334
20151001	0	0.001	12.531878	0.054420829
20151001	0	0.001	13.189938	0.071635187
20151001	0	0.001	14.174257	0.071607649
20151001	0	0.001	16.543678	0.093432009
20151001	0	0.001	13.639784	0.041501403
20151001	0	0.001	14.626536	0.054743648
20151001	0	0.001	13.856579	0.069410026
20151001	0	0.001	13.37004	0.066922486
20151001	0	0.001	12.987522	0.068191528
20151001	0	0.001	15.415336	0.082436681
20151001	0	0.001	13.883109	0.061077416
20151001	0	0.001	14.704318	0.075378835
20151001	0	0.001	15.560263	0.064026773
20151001	0	0.001	12.78478	0.054864705
20151001	0	0.001	13.072242	0.083010495
20151001	0	0.001	11.871439	0.074540436
20151001	0	0.001	14.588751	0.08700788
20151001	0	0.001	13.228935	0.044978082
20151001	0	0.001	14.875983	0.076494694
20151001	0	0.001	13.822014	0.076291442
20151001	0	0.001	14.262248	0.064073563
20151001	0	0.001	14.231255	0.074284852
20151001	0	0.001	16.411924	0.10794353
20151001	0	0.001	13.54775	0.056666434
20151001	0	0.001	12.819271	0.078807473
20151001	0	0.001	16.947992	0.071889222
20151001	0	0.001	15.901773	0.090650797
20151001	0	0.001	18.068193	0.080347955
20151001	0	0.001	14.140469	0.090162516
20151001	0	0.001	15.023664	0.07368058
20151001	0	0.001	14.357391	0.076866925
20151001	0	0.001	12.101676	0.068663597
20151001	0	0.001	12.885122	0.07074368
20151001	0	0.001	14.875983	0.082540691
20151001	0	0.001	12.399044	0.05003202
20151001	0	0.001	13.88841	0.087719023
20151001	0	0.001	15.61927	0.10529059
20151001	0	0.001	14.334307	0.11909604
20151001	0	0.001	17.245008	0.095610201
20151001	0	0.001	14.269986	0.067186356
20151001	0	0.001	13.856579	0.064985037
20151001	0	0.001	13.637086	0.062329769
20151001	0	0.001	14.324035	0.075876296
20151001	0	0.001	13.922809	0.079707801
20151001	0	0.001	13.909589	0.069731236
20151001	0	0.001	13.203878	0.068533361
20151001	0	0.001	13.021476	0.092038989
20151001	0	0.001	15.050582	0.090395808
20151001	0	0.001	14.786668	0.096770585
20151001	0	0.001	13.345248	0.041539133
20151001	0	0.001	13.904297	0.056001484
20151001	0	0.001	15.60277	0.089422226
20151001	0	0.001	13.170395	0.063146353
20151001	0	0.001	13.925451	0.076100111
20151001	0	0.001	14.215733	0.065704823
20151001	0	0.001	12.651691	0.055925846
20151001	0	0.001	15.607487	0.072122395
20151001	0	0.001	11.883831	0.043064594
20151001	0	0.001	13.88841	0.056460381
20151001	0	0.001	15.783319	0.071497917
20151001	0	0.001	12.396076	0.063994944
20151001	0	0.001	14.01238	0.088741422
20151001	0	0.001	12.692345	0.058884799
20151001	0	0.001	16.965353	0.099323213
20151001	0	0.001	15.527121	0.10247576
20151001	0	0.001	15.717905	0.075649798
20151001	0	0.001	13.317647	0.053760886
20151001	0	0.001	16.142914	0.093163669
20151001	0	0.001	12.793411	0.065873086
20151001	0	0.001	16.308464	0.0615291
20151001	0	0.001	12.413874	0.049075782
20151001	0	0.001	13.086308	0.048064232
20151001	0	0.001	13.959761	0.072026253
20151001	0	0.001	14.001872	0.066932082
20151001	0	0.001	14.858658	0.090485692
20151001	0	0.001	17.142282	0.068475902
20151001	0	0.001	13.201092	0.058411837
20151001	0	0.001	14.593795	0.0725438
20151001	0	0.001	13.536882	0.069470763
20151001	0	0.001	13.083497	0.07453382
20151001	0	0.001	13.893707	0.057543039
20151001	0	0.001	15.491532	0.077974081
20151001	0	0.001	12.484811	0.057931483
20151001	0	0.001	13.822014	0.072869778
20151001	0	0.001	15.873981	0.10993731
20151001	0	0.001	15.114015	0.066483736
20151001	0	0.001	12.616742	0.05768466
20151001	0	0.001	13.433191	0.07830435
20151001	0	0.001	17.972221	0.020038784
20151001	0	0.001	12.222695	0.059819877
20151001	0	0.001	12.902245	0.051655829
20151001	0	0.001	13.523284	0.073101163
20151001	0	0.001	17.325901	0.071770668
20151001	0	0.001	13.331455	0.077557087
20151001	0	0.001	15.659268	0.098049939
20151001	0	0.001	13.306591	0.066669703
20151001	0	0.001	11.661918	0.063303411
20151001	0	0.001	15.778655	0.099905431
20151001	0	0.001	12.953479	0.065034151
20151001	0	0.001	14.467175	0.071416676
20151001	0	0.001	12.478914	0.05941391
20151001	0	0.001	14.464632	0.073729217
20151001	0	0.001	12.867976	0.10241491
20151001	0	0.001	13.941297	0.090911329
20151001	0	0.001	15.326762	0.070927382
20151001	0	0.001	11.08606	0.05183512
20151001	0	0.001	12.282759	0.062056124
20151001	0	0.001	13.8007	0.073584557
20151001	0	0.001	13.336974	0.053428888
20151001	0	0.001	14.192417	0.085272372
20151001	0	0.001	14.228669	0.085537732
20151001	0	0.001	16.177071	0.08114481
20151001	0	0.001	13.192726	0.10037106
20151001	0	0.001	15.581532	0.09507674
20151001	0	0.001	12.333582	0.029962003
20151001	0	0.001	15.922585	0.11518204
20151001	0	0.001	13.015823	0.044841349
20151001	0	0.001	14.14307	0.084058821
20151001	0	0.001	14.957389	0.079922616
20151001	0	0.001	14.818983	0.070644796
20151001	0	0.001	15.947986	0.085298657
20151001	0	0.001	15.228011	0.086985528
20151001	0	0.001	12.58462	0.093446612
20151001	0	0.001	14.308614	0.054879427
20151001	0	0.001	11.57959	0.058743238
20151001	0	0.001	15.538965	0.069722176
20151001	0	0.001	14.636596	0.064815521
20151001	0	0.001	12.930733	0.075372636
20151001	0	0.001	11.991714	0.05155623
20151001	0	0.001	15.656919	0.061415732
20151001	0	0.001	14.833874	0.08709985
20151001	0	0.001	13.688258	0.10338455
20151001	0	0.001	15.169908	0.074563861
20151001	0	0.001	15.281078	0.076965749
20151001	0	0.001	15.694477	0.078135014
20151001	0	0.001	15.319558	0.085313916
20151001	0	0.001	14.696809	0.084077179
20151001	0	0.001	15.018764	0.090184152
20151001	0	0.001	12.879409	0.0442698
20151001	0	0.001	14.631567	0.07108146
20151001	0	0.001	15.778655	0.067934811
20151001	0	0.001	13.647875	0.067323923
20151001	0	0.001	16.75145	0.076077342
20151001	0	0.001	15.417723	0.077453732
20151001	0	0.001	14.469719	0.077051938
20151001	0	0.001	13.664042	0.081624925
20151001	0	0.001	13.534163	0.067781806
20151001	0	0.001	15.314754	0.098325491
20151001	0	0.001	14.318896	0.058819354
20151001	0	0.001	13.069427	0.062837601
20151001	0	0.001	12.967674	0.062437654
20151001	0	0.001	13.334215	0.088815391
20151001	0	0.001	13.21502	0.060822845
20151001	0	0.001	14.644135	0.063414454
20151001	0	0.001	14.917974	0.067174733
20151001	0	0.001	13.922809	0.046953201
20151001	0	0.001	12.865116	0.066719949
20151001	0	0.001	16.110971	0.086748004
20151001	0	0.001	14.905637	0.077324152
20151001	0	0.001	15.741298	0.099003792
20151001	0	0.001	13.972934	0.071597934
20151001	0	0.001	12.587543	0.046632469
20151001	0	0.001	16.895803	0.13299173
20151001	0	0.001	15.550801	0.05621314
20151001	0	0.001	15.157774	0.075092852
20151001	0	0.001	15.365127	0.077294171
20151001	0	0.001	15.771657	0.063387334
20151001	0	0.001	16.705256	0.081893265
20151001	0	0.001	14.436623	0.066308916
20151001	0	0.001	14.064801	0.0689224
20151001	0	0.001	14.972142	0.087026
20151001	0	0.001	12.534815	0.048566818
20151001	0	0.001	12.526005	0.051745355
20151001	0	0.001	15.386665	0.083323777
20151001	0	0.001	19.115189	0.11484635
20151001	0	0.001	12.839349	0.055733979
20151001	0	0.001	12.540685	0.068826139
20151001	0	0.001	14.893289	0.068862438
20151001	0	0.001	14.434073	0.094230771
20151001	0	0.001	11.557323	0.079201579
20151001	0	0.001	12.261769	0.061415374
20151001	0	0.001	14.067417	0.085190535
20151001	0	0.001	14.357391	0.097670197
20151001	0	0.001	13.946574	0.071447968
20151001	0	0.001	14.275143	0.082253218
20151001	0	0.001	12.437564	0.067436874
20151001	0	0.001	12.34551	0.0582816
20151001	0	0.001	13.242836	0.059248388
20151001	0	0.001	14.861135	0.063457966
20151001	0	0.001	13.433191	0.089856982
20151001	0	0.001	13.187147	0.081304967
20151001	0	0.001	15.567355	0.061553895
20151001	0	0.001	13.072242	0.066008568
20151001	0	0.001	14.937695	0.091133833
20151001	0	0.001	12.523067	0.076397121
20151001	0	0.001	16.865286	0.060471475
20151001	0	0.001	12.575846	0.037260413
20151001	0	0.001	13.509672	0.057008088
20151001	0	0.001	13.378295	0.065589666
20151001	0	0.001	13.601964	0.088840902
20151001	0	0.001	15.157774	0.082350373
20151001	0	0.001	14.576135	0.083423138
20151001	0	0.001	12.387168	0.059819043
20151001	0	0.001	13.339733	0.057877779
20151001	0	0.001	13.79003	0.091020703
20151001	0	0.001	15.057915	0.049403906
20151001	0	0.001	15.302735	0.063579202
20151001	0	0.001	11.652448	0.039754629
20151001	0	0.001	13.90165	0.048521638
20151001	0	0.001	14.051714	0.054701686
20151001	0	0.001	14.875983	0.085015297
20151001	0	0.001	15.661618	0.12304765
20151001	0	0.001	18.125128	0.069418371
20151001	0	0.001	13.339733	0.082652092
20151001	0	0.001	12.987522	0.081007242
20151001	0	0.001	14.174257	0.083410323
20151001	0	0.001	14.062184	0.078808606
20151001	0	0.001	15.386665	0.095720947
20151001	0	0.001	14.189824	0.071264088
20151001	0	0.001	15.569719	0.076147139
20151001	0	0.001	14.618987	0.068972588
20151001	0	0.001	12.180475	0.06176132
20151001	0	0.001	14.794131	0.077250361
20151001	0	0.001	12.569992	0.020771146
20151001	0	0.001	16.685419	0.068353891
20151001	0	0.001	12.496594	0.056428909
20151001	0	0.001	14.474804	0.066139579
20151001	0	0.001	12.859395	0.051662624
20151001	0	0.001	14.613952	0.070901155
20151001	0	0.001	12.75308	0.064397693
20151001	0	0.001	14.223495	0.083156347
20151001	0	0.001	14.316326	0.078925967
20151001	0	0.001	12.207634	0.058029413
20151001	0	0.001	14.528091	0.071286321
20151001	0	0.001	14.174257	0.091618598
20151001	0	0.001	13.752624	0.060891628
20151001	0	0.001	14.520491	0.089709938
20151001	0	0.001	13.647875	0.061998427
20151001	0	0.001	13.965031	0.057183981
20151001	0	0.001	14.431524	0.076562107
20151001	0	0.001	13.323172	0.0495978
20151001	0	0.001	14.67175	0.091727912
20151001	0	0.001	12.987522	0.066213965
20151001	0	0.001	14.771729	0.091827154
20151001	0	0.001	13.631689	0.058924794
20151001	0	0.001	14.925373	0.091190517
20151001	0	0.001	10.888467	0.03695637
20151001	0	0.001	13.136825	0.10036904
20151001	0	0.001	13.661349	0.11270386
20151001	0	0.001	12.680743	0.064246953
20151001	0	0.001	14.220908	0.071706951
20151001	0	0.001	12.104716	0.062742531
20151001	0	0.001	15.293114	0.075939775
20151001	0	0.001	15.396228	0.0717206
20151001	0	0.001	14.054333	0.088288546
20151001	0	0.001	12.561207	0.062827647
20151001	0	0.001	12.11687	0.083806276
20151001	0	0.001	14.23901	0.06536448
20151001	0	0.001	16.411924	0.079460979
20151001	0	0.001	12.043765	0.056994319
20151001	0	0.001	12.870835	0.049399436
20151001	0	0.001	12.478914	0.068301916
20151001	0	0.001	13.114397	0.080802798
20151001	0	0.001	12.770381	0.059315622
20151001	0	0.001	13.00451	0.051695943
20151001	0	0.001	15.11158	0.080112875
20151001	0	0.001	14.701816	0.08608073
20151001	0	0.001	14.395783	0.070489824
20151001	0	0.001	14.54581	0.080464602
20151001	0	0.001	13.334215	0.079417109
20151001	0	0.001	13.744594	0.093525827
20151001	0	0.001	12.741534	0.08100909
20151001	0	0.001	13.946574	0.062263727
20151001	0	0.001	14.846271	0.093787491
20151001	0	0.001	12.065133	0.0509758
20151001	0	0.001	12.865116	0.073828697
20151001	0	0.001	13.677501	0.071850896
20151001	0	0.001	13.361781	0.050979912
20151001	0	0.001	17.289759	0.097928643
20151001	0	0.001	14.967226	0.058799505
20151001	0	0.001	15.004057	0.092396379
20151001	0	0.001	13.642482	0.079857111
20151001	0	0.001	14.249343	0.066383779
20151001	0	0.001	11.945598	0.076873302
20151001	0	0.001	12.255767	0.058320343
20151001	0	0.001	16.59919	0.07573092
20151001	0	0.001	14.661715	0.06835705
20151001	0	0.001	13.164805	0.065683961
20151001	0	0.001	12.135077	0.044129491
20151001	0	0.001	12.306702	0.06599921
20151001	0	0.001	13.610078	0.087494612
20151001	0	0.001	13.639784	0.054835737
20151001	0	0.001	14.920442	0.066013753
20151001	0	0.001	13.094742	0.066986084
20151001	0	0.001	12.92504	0.060130477
20151001	0	0.001	12.856533	0.069474161
20151001	0	0.001	13.690946	0.064852536
20151001	0	0.001	17.381033	0.05067724
20151001	0	0.001	12.99885	0.065513253
20151001	0	0.001	12.715516	0.074357152
20151001	0	0.001	18.726233	0.1120038
20151001	0	0.001	15.97565	0.076996326
20151001	0	0.001	12.660414	0.061060786
20151001	0	0.001	14.357391	0.073246121
20151001	0	0.001	13.920166	0.070467293
20151001	0	0.001	16.037718	0.09714514
20151001	0	0.001	13.832659	0.080147564
20151001	0	0.001	13.634388	0.071828902
20151001	0	0.001	13.015823	0.054325521
20151001	0	0.001	13.634388	0.063781142
20151001	0	0.001	12.425724	0.057615757
20151001	0	0.001	13.501498	0.056682408
20151001	0	0.001	15.140771	0.080253422
20151001	0	0.001	12.631316	0.066384554
20151001	0	0.001	15.128614	0.071299851
20151001	0	0.001	13.650571	0.0827595
20151001	0	0.001	14.681779	0.084744751
20151001	0	0.001	15.106709	0.077802896
20151001	0	0.001	13.808697	0.065564811
20151001	0	0.001	11.64297	0.060598016
20151001	0	0.001	12.648783	0.053272069
20151001	0	0.001	15.527121	0.098838568
20151001	0	0.001	13.276137	0.081466675
20151001	0	0.001	13.024302	0.063269198
20151001	0	0.001	15.30033	0.062906384
20151001	0	0.001	15.924896	0.073737264
20151001	0	0.001	17.838644	0.10883468
20151001	0	0.001	13.301059	0.07611376
20151001	0	0.001	12.870835	0.066138446
20151001	0	0.001	15.079892	0.063960671
20151001	0	0.001	13.024302	0.077797234
20151001	0	0.001	14.533155	0.070575655
20151001	0	0.001	12.879409	0.069062173
20151001	0	0.001	13.542317	0.060296595
20151001	0	0.001	16.258749	0.065263808
20151001	0	0.001	14.028127	0.068363786
20151001	0	0.001	12.132044	0.06255728
20151001	0	0.001	14.945083	0.087831855
20151001	0	0.001	13.010168	0.065924525
20151001	0	0.001	13.68288	0.075146973
20151001	0	0.001	15.22076	0.083686233
20151001	0	0.001	16.537004	0.074579
20151001	0	0.001	12.204619	0.051335573
20151001	0	0.001	12.776142	0.079682708
20151001	0	0.001	14.591273	0.073908806
20151001	0	0.001	13.292757	0.071699083
20151001	0	0.001	14.344571	0.097374499
20151001	0	0.001	14.796618	0.083251595
20151001	0	0.001	14.158672	0.069159567
20151001	0	0.001	14.681779	0.061308146
20151001	0	0.001	12.508367	0.068232
20151001	0	0.001	12.089507	0.064689636
20151001	0	0.001	14.641623	0.075769782
20151001	0	0.001	12.593389	0.058636487
20151001	0	0.001	14.823948	0.084457278
20151001	0	0.001	15.00651	0.074121118
20151001	0	0.001	15.379489	0.078251719
20151001	0	0.001	15.259392	0.067912877
20151001	0	0.001	11.883831	0.057806492
20151001	0	0.001	14.515422	0.07880789
20151001	0	0.001	14.449361	0.081547737
20151001	0	0.001	14.236425	0.067438781
20151001	0	0.001	12.360403	0.057622612
20151001	0	0.001	13.936017	0.085613012
20151001	0	0.001	12.996018	0.047137678
20151001	0	0.001	15.652218	0.09772259
20151001	0	0.001	13.441407	0.07158637
20151001	0	0.001	16.158863	0.10858715
20151001	0	0.001	14.064801	0.080464005
20151001	0	0.001	14.764254	0.065297425
20151001	0	0.001	13.993986	0.06155026
20151001	0	0.001	13.00451	0.065467119
20151001	0	0.001	14.696809	0.085678935
20151001	0	0.001	12.552416	0.062419713
20151001	0	0.001	11.994782	0.044936001
20151001	0	0.001	11.477452	0.062235534
20151001	0	0.001	15.945679	0.077735782
20151001	0	0.001	14.804077	0.066055238
20151001	0	0.001	14.067417	0.069406688
20151001	0	0.001	13.175981	0.070841491
20151001	0	0.001	15.621626	0.065910995
20151001	0	0.001	17.060518	0.083973527
20151001	0	0.001	12.339547	0.043342769
20151001	0	0.001	13.496047	0.053855538
20151001	0	0.001	15.776322	0.095522046
20151001	0	0.001	13.389293	0.071776927
20151001	0	0.001	13.808697	0.069244683
20151001	0	0.001	14.362515	0.078268051
20151001	0	0.001	15.106709	0.07095021
20151001	0	0.001	14.311185	0.080698788
20151001	0	0.001	14.195009	0.070535779
20151001	0	0.001	12.836483	0.067759693
20151001	0	0.001	14.220908	0.067533553
20151001	0	0.001	17.047573	0.082727253
20151001	0	0.001	12.375279	0.039156616
20151001	0	0.001	14.357391	0.075665176
20151001	0	0.001	14.741806	0.072885394
20151001	0	0.001	13.075057	0.042138398
20151001	0	0.001	15.850783	0.074133575
20151001	0	0.001	12.92504	0.059221685
20151001	0	0.001	12.637141	0.076782703
20151001	0	0.001	12.520128	0.05826354
20151001	0	0.001	12.351469	0.062129557
20151001	0	0.001	13.427712	0.039658904
20151001	0	0.001	12.967674	0.070429981
20151001	0	0.001	13.270593	0.077796578
20151001	0	0.001	12.14417	0.095099211
20151001	0	0.001	11.696574	0.082674265
20151001	0	0.001	13.159214	0.061351895
20151001	0	0.001	13.528725	0.079174221
20151001	0	0.001	15.822902	0.064522445
20151001	0	0.001	15.439188	0.089828134
20151001	0	0.001	15.281078	0.1014418
20151001	0	0.001	13.389293	0.06637764
20151001	0	0.001	17.013002	0.069241107
20151001	0	0.001	19.178608	0.096801281
20151001	0	0.001	15.37231	0.065188468
20151001	0	0.001	14.015005	0.05614531
20151001	0	0.001	12.41091	0.06978333
20151001	0	0.001	14.451908	0.082074523
20151001	0	0.001	18.516773	0.11093342
20151001	0	0.001	12.804911	0.097682059
20151001	0	0.001	12.827879	0.067046344
20151001	0	0.001	12.602152	0.065457165
20151001	0	0.001	13.599258	0.057374537
20151001	0	0.001	14.791644	0.059499443
20151001	0	0.001	12.183496	0.086119175
20151001	0	0.001	13.485137	0.065995097
20151001	0	0.001	14.641623	0.071147263
20151001	0	0.001	13.574884	0.080389202
20151001	0	0.001	15.984859	0.096303523
20151001	0	0.001	13.334215	0.047159135
20151001	0	0.001	12.663321	0.080316126
20151001	0	0.001	15.201407	0.058435321
20151001	0	0.001	15.242502	0.059439242
20151001	0	0.001	12.773262	0.050986528
20151001	0	0.001	13.798034	0.069498539
20151001	0	0.001	14.059567	0.083721697
20151001	0	0.001	15.465383	0.086235404
20151001	0	0.001	14.525558	0.084612489
20151001	0	0.001	14.626536	0.080442905
20151001	0	0.001	13.896356	0.066505492
20151001	0	0.001	13.941297	0.089258254
20151001	0	0.001	12.810657	0.031347394
20151001	0	0.001	13.747271	0.080511928
20151001	0	0.001	14.354828	0.060879827
20151001	0	0.001	12.981854	0.063132048
20151001	0	0.001	13.289989	0.060242295
20151001	0	0.001	14.893289	0.087371171
20151001	0	0.001	13.822014	0.072984576
20151001	0	0.001	12.104716	0.068697393
20151001	0	0.001	12.850807	0.083850324
20151001	0	0.001	16.906689	0.080637574
20151001	0	0.001	13.933376	0.035375059
20151001	0	0.001	13.77134	0.089760542
20151001	0	0.001	12.019299	0.069048643
20151001	0	0.001	13.645179	0.06845361
20151001	0	0.001	14.218321	0.083542287
20151001	0	0.001	11.815515	0.0332582
20151001	0	0.001	14.48751	0.07861805
20151001	0	0.001	13.776682	0.063663721
20151001	0	0.001	13.787361	0.068107843
20151001	0	0.001	14.507814	0.061737299
20151001	0	0.001	12.907948	0.067839742
20151001	0	0.001	14.558453	0.073925138
20151001	0	0.001	14.576135	0.087361574
20151001	0	0.001	13.485137	0.094999552
20151001	0	0.001	12.30072	0.073135853
20151001	0	0.001	13.741917	0.084559321
20151001	0	0.001	14.085715	0.091466665
20151001	0	0.001	15.319558	0.092224836
20151001	0	0.001	12.234732	0.057950675
20151001	0	0.001	12.366356	0.06135428
20151001	0	0.001	13.452353	0.074484348
20151001	0	0.001	14.028127	0.0822106
20151001	0	0.001	13.021476	0.070703804
20151001	0	0.001	15.496282	0.079037189
20151001	0	0.001	13.593846	0.084742427
20151001	0	0.001	14.868561	0.063900411
20151001	0	0.001	15.242502	0.070225775
20151001	0	0.001	12.802037	0.042820394
20151001	0	0.001	13.394788	0.084943295
20151001	0	0.001	14.967226	0.080215394
20151001	0	0.001	14.890818	0.074243367
20151001	0	0.001	14.017631	0.075530708
20151001	0	0.001	12.517189	0.056732595
20151001	0	0.001	16.240633	0.082842231
20151001	0	0.001	13.075057	0.065836608
20151001	0	0.001	13.111591	0.052437305
20151001	0	0.001	15.448718	0.079702079
20151001	0	0.001	12.973348	0.099192381
20151001	0	0.001	14.241593	0.079592288
20151001	0	0.001	13.925451	0.10407782
20151001	0	0.001	15.890199	0.081679404
20151001	0	0.001	15.293114	0.074477494
20151001	0	0.001	15.198987	0.081701875
20151001	0	0.001	13.610078	0.048028469
20151001	0	0.001	12.330598	0.082755804
20151001	0	0.001	16.681009	0.087808669
20151001	0	0.001	14.390671	0.079759777
20151001	0	0.001	11.902394	0.05752492
20151001	0	0.001	12.478914	0.070569873
20151001	0	0.001	15.343559	0.083746016
20151001	0	0.001	12.930733	0.053580403
20151001	0	0.001	14.459543	0.099251747
20151001	0	0.001	11.905485	0.060898244
20151001	0	0.001	13.43593	0.061538339
20151001	0	0.001	13.192726	0.074200094
20151001	0	0.001	13.027126	0.053732991
20151001	0	0.001	15.825228	0.093364239
20151001	0	0.001	14.334307	0.011639774
20151001	0	0.001	15.24733	0.07719332
20151001	0	0.001	13.422231	0.056843042
20151001	0	0.001	13.634388	0.08512491
20151001	0	0.001	13.086308	0.096660256
20151001	0	0.001	15.467762	0.081797719
20151001	0	0.001	13.71243	0.091287971
20151001	0	0.001	14.056951	0.080809176
20151001	0	0.001	14.861135	0.067168772
20151001	0	0.001	13.359027	0.071814537
20151001	0	0.001	13.86985	0.072837055
20151001	0	0.001	12.66913	0.046283007
20151001	0	0.001	13.819351	0.075296521
20151001	0	0.001	12.876552	0.064699113
20151001	0	0.001	14.122241	0.082679749
20151001	0	0.001	12.276765	0.047423363
20151001	0	0.001	13.792698	0.055992603
20151001	0	0.001	15.415336	0.070630968
20151001	0	0.001	14.651672	0.058958054
20151001	0	0.001	14.111815	0.062066913
20151001	0	0.001	16.552572	0.10227597
20151001	0	0.001	14.67175	0.099314868
20151001	0	0.001	13.936017	0.073962212
20151001	0	0.001	12.936422	0.060988486
20151001	0	0.001	14.17166	0.05148226
20151001	0	0.001	12.231724	0.076660514
20151001	0	0.001	13.058161	0.060813606
20151001	0	0.001	13.485137	0.072324157
20151001	0	0.001	11.809284	0.073688567
20151001	0	0.001	15.652218	0.082948744
20151001	0	0.001	13.452353	0.080425799
20151001	0	0.001	12.003982	0.071916819
20151001	0	0.001	12.083419	0.10892123
20151001	0	0.001	12.939266	0.067399442
20151001	0	0.001	14.634082	0.080967009
20151001	0	0.001	14.651672	0.070416629
20151001	0	0.001	14.316326	0.06207037
20151001	0	0.001	13.585723	0.07372427
20151001	0	0.001	11.827965	0.051102221
20151001	0	0.001	13.536882	0.091074884
20151001	0	0.001	13.720478	0.067056477
20151001	0	0.001	13.658655	0.09063381
20151001	0	0.001	12.473016	0.055476725
20151001	0	0.001	11.930186	0.055258751
20151001	0	0.001	13.980832	0.079901993
20151001	0	0.001	13.069427	0.068525791
20151001	0	0.001	15.885567	0.089463949
20151001	0	0.001	12.867976	0.055617988
20151001	0	0.001	15.13591	0.080754578
20151001	0	0.001	14.495128	0.06026417
20151001	0	0.001	13.972934	0.079319179
20151001	0	0.001	16.514738	0.0844841
20151001	0	0.001	13.336974	0.067820489
20151001	0	0.001	15.223178	0.076272964
20151001	0	0.001	15.463003	0.05598855
20151001	0	0.001	16.051479	0.08119899
20151001	0	0.001	16.211153	0.055725574
20151001	0	0.001	13.837977	0.057907462
20151001	0	0.001	13.309356	0.057490647
20151001	0	0.001	14.704318	0.095099926
20151001	0	0.001	12.893686	0.064314425
20151001	0	0.001	12.12901	0.05434531
20151001	0	0.001	13.861889	0.069369614
20151001	0	0.001	14.331739	0.092197061
20151001	0	0.001	15.357941	0.069822431
20151001	0	0.001	17.25354	0.077309549
20151001	0	0.001	14.030749	0.078782797
20151001	0	0.001	12.930733	0.086712658
20151001	0	0.001	14.679273	0.1017912
20151001	0	0.001	12.63423	0.050480485
20151001	0	0.001	15.067686	0.064643502
20151001	0	0.001	12.228715	0.065690994
20151001	0	0.001	12.856533	0.052471042
20151001	0	0.001	14.836354	0.075706363
20151001	0	0.001	13.853923	0.068591595
20151001	0	0.001	13.669427	0.057352901
20151001	0	0.001	14.462089	0.065051734
20151001	0	0.001	12.339547	0.0780738
20151001	0	0.001	14.656694	0.079119563
20151001	0	0.001	15.757652	0.1098156
20151001	0	0.001	12.378252	0.088074148
20151001	0	0.001	12.150229	0.076518118
20151001	0	0.001	13.449617	0.05909729
20151001	0	0.001	13.930736	0.077225566
20151001	0	0.001	11.743669	0.041777372
20151001	0	0.001	11.218041	0.0076072216
20151001	0	0.001	14.454453	0.056852221
20151001	0	0.001	13.612781	0.068717003
20151001	0	0.001	13.867197	0.057285726
20151001	0	0.001	13.906943	0.077613711
20151001	0	0.001	16.222498	0.080425322
20151001	0	0.001	15.001605	0.06037277
20151001	0	0.001	13.150822	0.063060105
20151001	0	0.001	12.219685	0.066634655
20151001	0	0.001	16.22023	0.059816241
20151001	0	0.001	12.303711	0.075320721
20151001	0	0.001	11.880734	0.062689126
20151001	0	0.001	13.782022	0.09280318
20151001	0	0.001	13.265046	0.06937921
20151001	0	0.001	14.841313	0.058127701
20151001	0	0.001	14.001872	0.06558913
20151001	0	0.001	17.916857	0.053614736
20151001	0	0.001	13.555897	0.082587361
20151001	0	0.001	13.414003	0.071161926
20151001	0	0.001	15.338762	0.080078125
20151001	0	0.001	13.173188	0.062975645
20151001	0	0.001	13.035598	0.068442822
20151001	0	0.001	14.930303	0.089943588
20151001	0	0.001	14.264828	0.082280755
20151001	0	0.001	13.041243	0.061032534
20151001	0	0.001	14.621504	0.076887131
20151001	0	0.001	17.097145	0.082651079
20151001	0	0.001	12.34849	0.05003202
20151001	0	0.001	15.671013	0.085128486
20151001	0	0.001	14.833874	0.071311712
20151001	0	0.001	11.960989	0.047464252
20151001	0	0.001	14.861135	0.076676488
20151001	0	0.001	16.594755	0.095149636
20151001	0	0.001	15.410562	0.10355765
20151001	0	0.001	14.596316	0.069730163
20151001	0	0.001	15.384274	0.09579289
20151001	0	0.001	16.438807	0.12144232
20151001	0	0.001	12.727086	0.049847126
20151001	0	0.001	11.92093	0.0547508
20151001	0	0.001	13.010168	0.056199491
20151001	0	0.001	16.31974	0.055639744
20151001	0	0.001	12.416838	0.065566957
20151001	0	0.001	15.885567	0.089568973
20151001	0	0.001	12.807784	0.054175138
20151001	0	0.001	13.049705	0.044968545
20151001	0	0.001	16.38949	0.077329278
20151001	0	0.001	12.30072	0.057189405
20151001	0	0.001	16.86747	0.069307506
20151001	0	0.001	14.530623	0.057808638
20151001	0	0.001	13.270593	0.060165107
20151001	0	0.001	14.215733	0.053076565
20151001	0	0.001	12.790535	0.053107619
20151001	0	0.001	14.096162	0.077286899
20151001	0	0.001	13.309356	0.06342572
20151001	0	0.001	14.593795	0.058973014
20151001	0	0.001	13.677501	0.013650537
20151001	0	0.001	13.217805	0.055211306
20151001	0	0.001	13.835319	0.094388902
20151001	0	0.001	12.010111	0.039500058
20151001	0	0.001	13.54775	0.065127075
20151001	0	0.001	14.228669	0.065022647
20151001	0	0.001	12.919345	0.061432481
20151001	0	0.001	12.867976	0.060837746
20151001	0	0.001	13.877807	0.051116824
20151001	0	0.001	14.490049	0.066760659
20151001	0	0.001	13.893707	0.058770835
20151001	0	0.001	13.986095	0.062671483
20151001	0	0.001	13.642482	0.062661588
20151001	0	0.001	13.029951	0.075626969
20151001	0	0.001	14.736814	0.09307313
20151001	0	0.001	13.561324	0.054565489
20151001	0	0.001	13.383795	0.039328516
20151001	0	0.001	15.11158	0.080558658
20151001	0	0.001	14.020255	0.062956989
20151001	0	0.001	12.770381	0.057499349
20151001	0	0.001	13.170395	0.053841174
20151001	0	0.001	14.182043	0.059923887
20151001	0	0.001	13.460556	0.076367438
20151001	0	0.001	14.215733	0.056321621
20151001	0	0.001	16.106403	0.083087265
20151001	0	0.001	13.356273	0.060214221
20151001	0	0.001	13.482409	0.072069347
20151001	0	0.001	13.389293	0.072426438
20151001	0	0.001	17.17445	0.075748742
20151001	0	0.001	15.401008	0.079265654
20151001	0	0.001	17.585186	0.098236024
20151001	0	0.001	14.935231	0.070653856
20151001	0	0.001	15.818251	0.081978559
20151001	0	0.001	14.831393	0.089522541
20151001	0	0.001	15.89483	0.068773985
20151001	0	0.001	16.076675	0.087995231
20151001	0	0.001	12.919345	0.059812546
20151001	0	0.001	17.054047	0.094702482
20151001	0	0.001	13.856579	0.0609411
20151001	0	0.001	14.634082	0.076471925
20151001	0	0.001	16.40744	0.088326275
20151001	0	0.001	15.317156	0.099924445
20151001	0	0.001	13.441407	0.054371536
20151001	0	0.001	15.642811	0.085759282
20151001	0	0.001	14.111815	0.076963603
20151001	0	0.001	14.6918	0.073794782
20151001	0	0.001	14.218321	0.060495615
20151001	0	0.001	11.032825	0.041469276
20151001	0	0.001	13.356273	0.048559725
20151001	0	0.001	12.089507	0.067555606
20151001	0	0.001	13.01865	0.082608759
20151001	0	0.001	12.431645	0.071365356
20151001	0	0.001	13.125615	0.071627319
20151001	0	0.001	12.651691	0.082319796
20151001	0	0.001	17.421209	0.084689796
20151001	0	0.001	12.168386	0.057115376
20151001	0	0.001	12.663321	0.060231805
20151001	0	0.001	14.651672	0.070895553
20151001	0	0.001	16.154306	0.073286235
20151001	0	0.001	12.013174	0.074845254
20151001	0	0.001	14.964767	0.055928409
20151001	0	0.001	15.548434	0.078966916
20151001	0	0.001	14.041236	0.052976429
20151001	0	0.001	13.234497	0.11441725
20151001	0	0.001	16.16114	0.07305944
20151001	0	0.001	15.040799	0.071955204
20151001	0	0.001	15.964129	0.076510012
20151001	0	0.001	15.067686	0.099646628
20151001	0	0.001	13.386544	0.11293912
20151001	0	0.001	14.288026	0.086175323
20151001	0	0.001	16.512508	0.089601159
20151001	0	0.001	16.085827	0.082902074
20151001	0	0.001	15.094525	0.077305377
20151001	0	0.001	16.154306	0.079022288
20151001	0	0.001	12.996018	0.057839513
20151001	0	0.001	15.794971	0.087634861
20151001	0	0.001	15.082332	0.056631565
20151001	0	0.001	13.44688	0.084310472
20151001	0	0.001	17.395845	0.088425279
20151001	0	0.001	14.932767	0.086513579
20151001	0	0.001	14.898229	0.065470636
20151001	0	0.001	12.243751	0.057367861
20151001	0	0.001	14.947545	0.075102806
20151001	0	0.001	15.082332	0.080164969
20151001	0	0.001	15.314754	0.072090685
20151001	0	0.001	12.810657	0.059946477
20151001	0	0.001	12.282759	0.066784263
20151001	0	0.001	13.094742	0.069278359
20151001	0	0.001	14.624021	0.070768654
20151001	0	0.001	14.684285	0.08265245
20151001	0	0.001	13.105977	0.0727036
20151001	0	0.001	13.240057	0.071959257
20151001	0	0.001	13.906943	0.05589956
20151001	0	0.001	16.537004	0.095526814
20151001	0	0.001	14.596316	0.099285603
20151001	0	0.001	13.526005	0.066070676
20151001	0	0.001	14.571085	0.070353508
20151001	0	0.001	17.722754	0.08442682
20151001	0	0.001	17.034616	0.058849812
20151001	0	0.001	15.084771	0.10286856
20151001	0	0.001	12.790535	0.078578651
20151001	0	0.001	14.377879	0.065270603
20151001	0	0.001	14.8165	0.08348453
20151001	0	0.001	12.119906	0.06795013
