Date IfLatB Conc DiameterA_um Def
20151004	1	0.1	14.477346	0.10131705
20151004	1	0.1	13.577595	0.12583333
20151004	1	0.1	15.225595	0.10817653
20151004	1	0.1	14.477346	0.10131705
20151004	1	0.1	12.26777	0.085503459
20151004	1	0.1	13.715114	0.12156016
20151004	1	0.1	13.715114	0.12156016
20151004	1	0.1	15.11158	0.088197291
20151004	1	0.1	11.550954	0.019510806
20151004	1	0.1	12.99885	0.090190768
20151004	1	0.1	12.755965	0.10245311
20151004	1	0.1	13.824676	0.094136477
20151004	1	0.1	12.378252	0.14051312
20151004	1	0.1	15.31235	0.12325841
20151004	1	0.1	13.95185	0.14410931
20151004	1	0.1	15.094525	0.15108311
20151004	1	0.1	11.778084	0.069600284
20151004	1	0.1	16.263275	0.13912928
20151004	1	0.1	13.709746	0.15024537
20151004	1	0.1	14.009753	0.13738388
20151004	1	0.1	15.827553	0.11117214
20151004	1	0.1	13.593846	0.0083760023
20151004	1	0.1	12.744422	0.091743767
20151004	1	0.1	13.32041	0.085372806
20151004	1	0.1	11.948678	0.069959521
20151004	1	0.1	12.819271	0.090194523
20151004	1	0.1	14.035994	0.12719351
20151004	1	0.1	13.364535	0.10403919
20151004	1	0.1	15.252155	0.11780071
20151004	1	0.1	12.787658	0.10838246
20151004	1	0.1	11.756195	0.086398602
20151004	1	0.1	12.907948	0.093028545
20151004	1	0.1	11.8124	0.082493961
20151004	1	0.1	16.062937	0.077997983
20151004	1	0.1	14.517957	0.11406559
20151004	1	0.1	17.133694	0.094408989
20151004	1	0.1	15.785649	0.099187791
20151004	1	0.1	14.398339	0.097772002
20151004	1	0.1	15.52001	0.043091774
20151004	1	0.1	12.413874	0.08067745
20151004	1	0.1	13.808697	0.09803623
20151004	1	0.1	12.648783	0.082910061
20151004	1	0.1	16.242899	0.08542341
20151004	1	0.1	12.956319	0.088071764
20151004	1	0.1	13.672119	0.10045636
20151004	1	0.1	15.557898	0.10198075
20151004	1	0.1	12.511309	0.10627401
20151004	1	0.1	14.54328	0.070502579
20151004	1	0.1	14.696809	0.067057788
20151004	1	0.1	14.631567	0.094949901
20151004	1	0.1	12.75885	0.13193512
20151004	1	0.1	12.833615	0.078269184
20151004	1	0.1	14.406004	0.11737436
20151004	1	0.1	12.246756	0.0711568
20151004	1	0.1	11.746801	0.090079665
20151004	1	0.1	13.331455	0.082033396
20151004	1	0.1	14.598837	0.12014425
20151004	1	0.1	15.736622	0.084144294
20151004	1	0.1	14.428974	0.13947976
20151004	1	0.1	13.422231	0.10686421
20151004	1	0.1	12.285753	0.074619591
20151004	1	0.1	13.372792	0.11687547
20151004	1	0.1	12.177454	0.075579643
20151004	1	0.1	12.02236	0.099417806
20151004	1	0.1	13.965031	0.088329673
20151004	1	0.1	14.940158	0.12682521
20151004	1	0.1	12.92504	0.084330082
20151004	1	0.1	12.735757	0.11326754
20151004	1	0.1	12.750196	0.10095727
20151004	1	0.1	16.067516	0.11120462
20151004	1	0.1	12.297729	0.070357978
20151004	1	0.1	13.289989	0.082421362
20151004	1	0.1	11.620827	0.082233012
20151004	1	0.1	12.312679	0.081710219
20151004	1	0.1	13.891058	0.12809342
20151004	1	0.1	13.701693	0.12987173
20151004	1	0.1	12.470065	0.09153229
20151004	1	0.1	12.558277	0.10211098
20151004	1	0.1	12.893686	0.077024996
20151004	1	0.1	14.719324	0.11375034
20151004	1	0.1	14.398339	0.097119629
20151004	1	0.1	14.077876	0.10807091
20151004	1	0.1	13.792698	0.13183558
20151004	1	0.1	12.312679	0.10822403
20151004	1	0.1	14.408558	0.12612557
20151004	1	0.1	14.927838	0.14579362
20151004	1	0.1	13.626289	0.11072636
20151004	1	0.1	12.402012	0.09386462
20151004	1	0.1	14.801591	0.12854028
20151004	1	0.1	12.916496	0.10839683
20151004	1	0.1	13.105977	0.10587537
20151004	1	0.1	18.023335	0.20528656
20151004	1	0.1	13.637086	0.12891263
20151004	1	0.1	15.070128	0.12587816
20151004	1	0.1	11.547769	0.077172458
20151004	1	0.1	11.821741	0.075085878
20151004	1	0.1	13.872503	0.094712675
20151004	1	0.1	13.853923	0.092431545
20151004	1	0.1	14.41877	0.12657881
20151004	1	0.1	12.692345	0.093111873
20151004	1	0.1	14.48751	0.15713221
20151004	1	0.1	11.214761	0.067227662
20151004	1	0.1	14.114423	0.13896948
20151004	1	0.1	12.613826	0.10364562
20151004	1	0.1	12.330598	0.10227793
20151004	1	0.1	14.87351	0.1211772
20151004	1	0.1	16.197529	0.15569639
20151004	1	0.1	12.987522	0.091776431
20151004	1	0.1	13.715114	0.10895389
20151004	1	0.1	14.937695	0.14086193
20151004	1	0.1	15.546068	0.13566518
20151004	1	0.1	13.189938	0.15302306
20151004	1	0.1	14.226083	0.075667322
20151004	1	0.1	14.179448	0.13510412
20151004	1	0.1	11.614492	0.07422483
20151004	1	0.1	12.555346	0.075197399
20151004	1	0.1	14.269986	0.11053509
20151004	1	0.1	13.496047	0.08693862
20151004	1	0.1	13.131221	0.11937827
20151004	1	0.1	13.949213	0.090481639
20151004	1	0.1	15.062801	0.12308514
20151004	1	0.1	12.528942	0.10109097
20151004	1	0.1	12.520128	0.14272511
20151004	1	0.1	14.111815	0.087233484
20151004	1	0.1	13.125615	0.11411834
20151004	1	0.1	15.401008	0.093200386
20151004	1	0.1	12.927887	0.11710566
20151004	1	0.1	15.813597	0.14320797
20151004	1	0.1	13.577595	0.11327791
20151004	1	0.1	12.666225	0.088949919
20151004	1	0.1	12.680743	0.081616282
20151004	1	0.1	13.77134	0.084777653
20151004	1	0.1	12.467114	0.10952139
20151004	1	0.1	14.085715	0.12806857
20151004	1	0.1	13.359027	0.10118002
20151004	1	0.1	13.097551	0.08299017
20151004	1	0.1	12.787658	0.11714131
20151004	1	0.1	12.876552	0.093489051
20151004	1	0.1	17.025974	0.23746932
20151004	1	0.1	12.043765	0.075715303
20151004	1	0.1	14.701816	0.14876717
20151004	1	0.1	14.814015	0.1500836
20151004	1	0.1	11.859035	0.096757114
20151004	1	0.1	13.672119	0.13263512
20151004	1	0.1	14.629052	0.10650903
20151004	1	0.1	12.192554	0.10296184
20151004	1	0.1	12.973348	0.088024139
20151004	1	0.1	12.793411	0.07596463
20151004	1	0.1	14.535687	0.10967094
20151004	1	0.1	13.173188	0.1099667
20151004	1	0.1	12.153256	0.092757642
20151004	1	0.1	15.160201	0.090993285
20151004	1	0.1	14.964767	0.14200503
20151004	1	0.1	13.645179	0.10702205
20151004	1	0.1	16.000965	0.13083953
20151004	1	0.1	12.674938	0.10787857
20151004	1	0.1	13.334215	0.10516649
20151004	1	0.1	15.269034	0.097224355
20151004	1	0.1	15.29552	0.098085225
20151004	1	0.1	13.408516	0.10968155
20151004	1	0.1	13.159214	0.11532909
20151004	1	0.1	13.120008	0.10913604
20151004	1	0.1	12.75885	0.13399053
20151004	1	0.1	17.649935	0.12858933
20151004	1	0.1	15.004057	0.10598844
20151004	1	0.1	13.528725	0.10587794
20151004	1	0.1	13.463289	0.10696578
20151004	1	0.1	13.666735	0.077403724
20151004	1	0.1	13.217805	0.10183799
20151004	1	0.1	13.201092	0.094591975
20151004	1	0.1	12.478914	0.15676278
20151004	1	0.1	14.63911	0.1160022
20151004	1	0.1	13.912233	0.089345515
20151004	1	0.1	12.425724	0.11009133
20151004	1	0.1	16.519194	0.11025822
20151004	1	0.1	17.724829	0.13277459
20151004	1	0.1	15.30033	0.090558648
20151004	1	0.1	15.140771	0.12227082
20151004	1	0.1	12.599232	0.08991909
20151004	1	0.1	13.607373	0.08503139
20151004	1	0.1	14.137866	0.1129151
20151004	1	0.1	14.814015	0.11835188
20151004	1	0.1	12.738646	0.10521311
20151004	1	0.1	13.5396	0.10774976
20151004	1	0.1	12.156284	0.071879148
20151004	1	0.1	13.618186	0.095418036
20151004	1	0.1	14.169064	0.088890254
20151004	1	0.1	13.599258	0.10709411
20151004	1	0.1	11.89621	0.11576253
20151004	1	0.1	12.031538	0.078285098
20151004	1	0.1	13.038421	0.086228132
20151004	1	0.1	17.933279	0.23323143
20151004	1	0.1	12.02542	0.071222305
20151004	1	0.1	11.351729	0.066602468
20151004	1	0.1	13.476949	0.10554826
20151004	1	0.1	15.03101	0.13151008
20151004	1	0.1	16.265537	0.16614556
20151004	1	0.1	11.759324	0.077762783
20151004	1	0.1	14.264828	0.084429979
20151004	1	0.1	12.11687	0.087152362
20151004	1	0.1	8.5743599	0.0079039335
20151004	1	0.1	13.504224	0.077726185
20151004	1	0.1	13.819351	0.083694637
20151004	1	0.1	12.787658	0.074884295
20151004	1	0.1	16.913218	0.15785348
20151004	1	0.1	12.764617	0.098353446
20151004	1	0.1	13.787361	0.074416041
20151004	1	0.1	14.23384	0.11759996
20151004	1	0.1	14.477346	0.086464942
20151004	1	0.1	12.913647	0.079983294
20151004	1	0.1	14.262248	0.11503613
20151004	1	0.1	13.688258	0.12911397
20151004	1	0.1	14.020255	0.097444236
20151004	1	0.1	14.342006	0.086228192
20151004	1	0.1	13.588431	0.076118112
20151004	1	0.1	12.976184	0.10372937
20151004	1	0.1	12.333582	0.098519742
20151004	1	0.1	13.86985	0.12472224
20151004	1	0.1	15.290708	0.10381448
20151004	1	0.1	14.441719	0.094612896
20151004	1	0.1	13.430452	0.062838495
20151004	1	0.1	16.113255	0.12033504
20151004	1	0.1	12.660414	0.10683012
20151004	1	0.1	12.1472	0.087767601
20151004	1	0.1	13.220588	0.072023213
20151004	1	0.1	13.725841	0.086670578
20151004	1	0.1	15.242502	0.082872689
20151004	1	0.1	12.26777	0.094179928
20151004	1	0.1	12.744422	0.11567491
20151004	1	0.1	15.30514	0.10730499
20151004	1	0.1	14.37532	0.10085201
20151004	1	0.1	11.890022	0.11630428
20151004	1	0.1	12.781901	0.094297111
20151004	1	0.1	12.502481	0.10488677
20151004	1	0.1	13.883109	0.085213363
20151004	1	0.1	12.781901	0.080069482
20151004	1	0.1	15.206248	0.11305261
20151004	1	0.1	12.870835	0.11405832
20151004	1	0.1	11.312765	0.014500141
20151004	1	0.1	15.439188	0.148341
20151004	1	0.1	12.92504	0.10734272
20151004	1	0.1	12.830748	0.068417192
20151004	1	0.1	14.530623	0.109034
20151004	1	0.1	13.383795	0.10060388
20151004	1	0.1	12.686545	0.093006253
20151004	1	0.1	12.902245	0.08578372
20151004	1	0.1	13.720478	0.066362023
20151004	1	0.1	14.033372	0.16020763
20151004	1	0.1	11.7374	0.093162775
20151004	1	0.1	13.504224	0.10020047
20151004	1	0.1	14.431524	0.11016935
20151004	1	0.1	14.059567	0.11923724
20151004	1	0.1	14.3702	0.10588795
20151004	1	0.1	13.228935	0.10870671
20151004	1	0.1	13.962396	0.090881228
20151004	1	0.1	15.825228	0.10032338
20151004	1	0.1	13.364535	0.10365641
20151004	1	0.1	13.245614	0.083612263
20151004	1	0.1	13.861889	0.10971445
20151004	1	0.1	12.648783	0.10444486
20151004	1	0.1	12.384196	0.089909732
20151004	1	0.1	13.677501	0.086232781
20151004	1	0.1	12.201604	0.084924459
20151004	1	0.1	11.102643	0.11244208
20151004	1	0.1	12.755965	0.09656018
20151004	1	0.1	15.598054	0.16773283
20151004	1	0.1	11.85593	0.060278356
20151004	1	0.1	13.487865	0.11545449
20151004	1	0.1	15.343559	0.159549
20151004	1	0.1	13.242836	0.090877712
20151004	1	0.1	15.244916	0.096412003
20151004	1	0.1	15.783319	0.11974186
20151004	1	0.1	13.007339	0.076244593
20151004	1	0.1	11.400249	0.019400537
20151004	1	0.1	13.438669	0.087774992
20151004	1	0.1	12.428685	0.079725921
20151004	1	0.1	12.098635	0.08643198
20151004	1	0.1	11.451776	0.063961685
20151004	1	0.1	14.033372	0.10368931
20151004	1	0.1	12.234732	0.091050863
20151004	1	0.1	14.550868	0.10282546
20151004	1	0.1	15.389056	0.12382358
20151004	1	0.1	13.021476	0.10918659
20151004	1	0.1	14.028127	0.114012
20151004	1	0.1	13.339733	0.1055181
20151004	1	0.1	13.749948	0.1194014
20151004	1	0.1	11.951756	0.077352107
20151004	1	0.1	12.369331	0.10116267
20151004	1	0.1	12.183496	0.068639576
20151004	1	0.1	14.664224	0.12317514
20151004	1	0.1	12.842215	0.090771198
20151004	1	0.1	12.964836	0.09321326
20151004	1	0.1	12.715516	0.10726362
20151004	1	0.1	12.487758	0.06943053
20151004	1	0.1	9.8710413	0.011777937
20151004	1	0.1	13.097551	0.077353537
20151004	1	0.1	13.242836	0.09833014
20151004	1	0.1	12.219685	0.073694408
20151004	1	0.1	14.009753	0.096226096
20151004	1	0.1	14.400895	0.10852176
20151004	1	0.1	14.254506	0.1514194
20151004	1	0.1	13.972934	0.087243974
20151004	1	0.1	13.301059	0.080913961
20151004	1	0.1	11.50627	0.069957197
20151004	1	0.1	13.136825	0.10744435
20151004	1	0.1	12.132044	0.067793667
20151004	1	0.1	17.813873	0.12766957
20151004	1	0.1	12.819271	0.09826225
20151004	1	0.1	13.68557	0.11333728
20151004	1	0.1	11.283454	0.07034117
20151004	1	0.1	12.12901	0.10034454
20151004	1	0.1	11.991714	0.11741847
20151004	1	0.1	12.372306	0.1198985
20151004	1	0.1	12.686545	0.083996952
20151004	1	0.1	13.843295	0.085359395
20151004	1	0.1	12.26777	0.069485068
20151004	1	0.1	12.192554	0.07508105
20151004	1	0.1	13.353518	0.13484573
20151004	1	0.1	13.298292	0.084566534
20151004	1	0.1	13.356273	0.070074499
20151004	1	0.1	14.23901	0.063847482
20151004	1	0.1	11.661918	0.073101759
20151004	1	0.1	12.796288	0.1141721
20151004	1	0.1	12.517189	0.083951712
20151004	1	0.1	17.054047	0.11221075
20151004	1	0.1	12.30072	0.084253073
20151004	1	0.1	10.841052	0.076056242
20151004	1	0.1	12.92504	0.089323103
20151004	1	0.1	16.258749	0.14940083
20151004	1	0.1	14.631567	0.11079264
20151004	1	0.1	14.195009	0.10641742
20151004	1	0.1	12.867976	0.11825669
20151004	1	0.1	12.950638	0.10185921
20151004	1	0.1	15.314754	0.1071285
20151004	1	0.1	12.836483	0.011422098
20151004	1	0.1	12.104716	0.012153327
20151004	1	0.1	13.827337	0.11481726
20151004	1	0.1	14.964767	0.07547009
20151004	1	0.1	14.555925	0.12440592
20151004	1	0.1	15.785649	0.14101017
20151004	1	0.1	12.520128	0.088667929
20151004	1	0.1	17.056204	0.16048872
20151004	1	0.1	14.719324	0.11977094
20151004	1	0.1	12.528942	0.10549289
20151004	1	0.1	12.019299	0.1067031
20151004	1	0.1	13.601964	0.11326897
20151004	1	0.1	12.799162	0.098168612
20151004	1	0.1	13.637086	0.08322078
20151004	1	0.1	13.749948	0.067663133
20151004	1	0.1	15.018764	0.094867945
20151004	1	0.1	12.856533	0.099168718
20151004	1	0.1	14.290601	0.11528254
20151004	1	0.1	11.576411	0.11835694
20151004	1	0.1	13.877807	0.11631912
20151004	1	0.1	13.485137	0.094082952
20151004	1	0.1	19.912819	0.14907688
20151004	1	0.1	12.990355	0.080453575
20151004	1	0.1	13.677501	0.12965035
20151004	1	0.1	15.215924	0.12189192
20151004	1	0.1	16.254223	0.1065172
20151004	1	0.1	12.651691	0.086175203
20151004	1	0.1	15.043245	0.15288949
20151004	1	0.1	13.658655	0.14105552
20151004	1	0.1	13.234497	0.10889775
20151004	1	0.1	13.572173	0.090354204
20151004	1	0.1	12.484811	0.098858595
20151004	1	0.1	12.34849	0.085610867
20151004	1	0.1	14.153474	0.13522708
20151004	1	0.1	8.647007	0.037100852
20151004	1	0.1	12.793411	0.031381905
20151004	1	0.1	12.496594	0.10917681
20151004	1	0.1	12.776142	0.050104856
20151004	1	0.1	12.089507	0.10535002
20151004	1	0.1	9.467659	0.015820026
20151004	1	0.1	11.762453	0.10934949
20151004	1	0.1	13.184357	0.1090914
20151004	1	0.1	12.976184	0.11617315
20151004	1	0.1	15.096963	0.09055084
20151004	1	0.1	9.3108997	0.02901125
20151004	1	0.1	9.556632	0.011894166
20151004	1	0.1	12.666225	0.10827929
20151004	1	0.1	12.976184	0.13495028
20151004	1	0.1	13.367288	0.11852723
20151004	1	0.1	15.096963	0.10968804
20151004	1	0.1	14.903168	0.10178858
20151004	1	0.1	14.841313	0.083701551
20151004	1	0.1	12.60799	0.085796237
20151004	1	0.1	14.184638	0.11949337
20151004	1	0.1	15.269034	0.091271341
20151004	1	0.1	12.870835	0.10651088
20151004	1	0.1	14.117029	0.07816267
20151004	1	0.1	15.109144	0.099532127
20151004	1	0.1	17.170164	0.10670388
20151004	1	0.1	15.302735	0.074497044
20151004	1	0.1	14.856181	0.10079831
20151004	1	0.1	13.917522	0.11177617
20151004	1	0.1	12.850807	0.10443056
20151004	1	0.1	12.378252	0.127756
20151004	1	0.1	12.802037	0.075388551
20151004	1	0.1	13.647875	0.09149152
20151004	1	0.1	12.60799	0.12390375
20151004	1	0.1	13.400281	0.10028929
20151004	1	0.1	14.751787	0.14259207
20151004	1	0.1	13.515119	0.065911531
20151004	1	0.1	12.616742	0.12177777
20151004	1	0.1	14.591273	0.095822453
20151004	1	0.1	12.569992	0.096205533
20151004	1	0.1	13.784693	0.089491248
20151004	1	0.1	12.899393	0.11050105
20151004	1	0.1	12.007047	0.070881367
20151004	1	0.1	10.49264	0.072846055
20151004	1	0.1	13.389293	0.13622117
20151004	1	0.1	13.741917	0.0841766
20151004	1	0.1	13.28168	0.085801601
20151004	1	0.1	13.463289	0.11557913
20151004	1	0.1	12.258768	0.091147065
20151004	1	0.1	12.873693	0.051812053
20151004	1	0.1	11.668226	0.058351099
20151004	1	0.1	12.628403	0.093898058
20151004	1	0.1	12.839349	0.11018419
20151004	1	0.1	13.946574	0.077284992
20151004	1	0.1	14.776711	0.11478561
20151004	1	0.1	15.114015	0.049096346
20151004	1	0.1	13.170395	0.11598164
20151004	1	0.1	13.339733	0.072613955
20151004	1	0.1	14.836354	0.11617613
20151004	1	0.1	14.548339	0.10991949
20151004	1	0.1	13.536882	0.072745562
20151004	1	0.1	12.913647	0.081355512
20151004	1	0.1	13.086308	0.13624519
20151004	1	0.1	12.110794	0.11656249
20151004	1	0.1	13.273366	0.098127306
20151004	1	0.1	14.500204	0.14509588
20151004	1	0.1	14.858658	0.110834
20151004	1	0.1	11.997849	0.089149177
20151004	1	0.1	13.339733	0.093489885
20151004	1	0.1	13.353518	0.069524229
20151004	1	0.1	13.768667	0.13768339
20151004	1	0.1	13.044064	0.094289184
20151004	1	0.1	14.510351	0.13171923
20151004	1	0.1	15.517638	0.098233402
20151004	1	0.1	12.976184	0.12545907
20151004	1	0.1	13.610078	0.10535687
20151004	1	0.1	15.374703	0.11131144
20151004	1	0.1	12.78478	0.11240822
20151004	1	0.1	13.089121	0.099127114
20151004	1	0.1	13.642482	0.078714848
20151004	1	0.1	14.744302	0.093678713
20151004	1	0.1	14.791644	0.10727632
20151004	1	0.1	15.386665	0.13263112
20151004	1	0.1	15.001605	0.084252477
20151004	1	0.1	13.336974	0.09679693
20151004	1	0.1	12.393107	0.077104092
20151004	1	0.1	13.231716	0.10138226
20151004	1	0.1	10.844446	0.025694191
20151004	1	0.1	13.642482	0.082768679
20151004	1	0.1	14.37532	0.12258792
20151004	1	0.1	13.265046	0.13558322
20151004	1	0.1	15.899459	0.11544335
20151004	1	0.1	14.888347	0.14906663
20151004	1	0.1	16.472349	0.12585998
20151004	1	0.1	12.546552	0.076549709
20151004	1	0.1	13.747271	0.12289411
20151004	1	0.1	12.85367	0.081505001
20151004	1	0.1	14.603877	0.095640421
20151004	1	0.1	11.50627	0.076012015
20151004	1	0.1	14.161271	0.10523945
20151004	1	0.1	14.984425	0.094015598
20151004	1	0.1	10.942405	0.038156152
20151004	1	0.1	12.648783	0.096303642
20151004	1	0.1	10.482114	0.019517303
20151004	1	0.1	15.230427	0.12032306
20151004	1	0.1	18.425137	0.045342922
20151004	1	0.1	14.694304	0.16327262
20151004	1	0.1	13.899003	0.11372614
20151004	1	0.1	14.651672	0.088160574
20151004	1	0.1	13.999244	0.095257223
20151004	1	0.1	13.56675	0.089312971
20151004	1	0.1	13.198304	0.10540795
20151004	1	0.1	13.607373	0.084334731
20151004	1	0.1	11.988646	0.097084463
20151004	1	0.1	12.970511	0.098292112
20151004	1	0.1	14.495128	0.16319007
20151004	1	0.1	13.779352	0.12007958
20151004	1	0.1	12.686545	0.1048336
20151004	1	0.1	13.962396	0.12334704
20151004	1	0.1	12.732867	0.10552412
20151004	1	0.1	10.63891	0.021050215
20151004	1	0.1	12.402012	0.078006327
20151004	1	0.1	13.787361	0.10461247
20151004	1	0.1	12.384196	0.082311511
20151004	1	0.1	15.004057	0.10768825
20151004	1	0.1	14.161271	0.094029248
20151004	1	0.1	13.580305	0.073833227
20151004	1	0.1	9.6714535	0.015050769
20151004	1	0.1	10.099517	0.035348296
20151004	1	0.1	16.229301	0.11865264
20151004	1	0.1	15.341161	0.11780876
20151004	1	0.1	11.696574	0.090782225
20151004	1	0.1	14.23384	0.10278785
20151004	1	0.1	13.701693	0.12971532
20151004	1	0.1	13.699007	0.1083861
20151004	1	0.1	14.119636	0.12035793
20151004	1	0.1	11.306258	0.063056827
20151004	1	0.1	16.841269	0.045696616
20151004	1	0.1	14.062184	0.11314499
20151004	1	0.1	12.686545	0.096159935
20151004	1	0.1	12.086463	0.09230864
20151004	1	0.1	14.18723	0.086541712
20151004	1	0.1	14.566033	0.08692354
20151004	1	0.1	15.689787	0.081524432
20151004	1	0.1	12.85367	0.078607976
20151004	1	0.1	13.601964	0.12816411
20151004	1	0.1	13.372792	0.067408562
20151004	1	0.1	14.821465	0.11472917
20151004	1	0.1	16.603622	0.1153664
20151004	1	0.1	16.874012	0.095746756
20151004	1	0.1	12.764617	0.098024607
20151004	1	0.1	14.135263	0.10436511
20151004	1	0.1	13.120008	0.12355798
20151004	1	0.1	13.763322	0.10475904
20151004	1	0.1	16.078964	0.14841348
20151004	1	0.1	12.225706	0.069285035
20151004	1	0.1	11.880734	0.065916002
20151004	1	0.1	14.957389	0.089608312
20151004	1	0.1	12.692345	0.11562121
20151004	1	0.1	12.558277	0.13222504
20151004	1	0.1	11.964066	0.075967371
20151004	1	0.1	14.020255	0.12866563
20151004	1	0.1	14.606397	0.093684435
20151004	1	0.1	14.093551	0.1052084
20151004	1	0.1	14.754281	0.10378206
20151004	1	0.1	13.203878	0.10186434
20151004	1	0.1	12.09255	0.081937671
20151004	1	0.1	14.724323	0.1137675
20151004	1	0.1	12.543618	0.099301696
20151004	1	0.1	13.248392	0.081577957
20151004	1	0.1	12.984688	0.088109136
20151004	1	0.1	13.28168	0.098739803
20151004	1	0.1	12.715516	0.066544056
20151004	1	0.1	14.856181	0.12304825
20151004	1	0.1	12.822141	0.088347197
20151004	1	0.1	12.63423	0.084077597
20151004	1	0.1	14.161271	0.081457198
20151004	1	0.1	17.28763	0.16884702
20151004	1	0.1	19.014826	0.10710275
20151004	1	0.1	13.212235	0.10901439
20151004	1	0.1	13.240057	0.1181007
20151004	1	0.1	10.161265	0.0082134604
20151004	1	0.1	12.602152	0.086399198
20151004	1	0.1	12.294736	0.10220796
20151004	1	0.1	13.717796	0.11655533
20151004	1	0.1	14.78169	0.11213791
20151004	1	0.1	13.564037	0.080791235
20151004	1	0.1	13.044064	0.077044487
20151004	1	0.1	13.350761	0.077114522
20151004	1	0.1	13.010168	0.10225165
20151004	1	0.1	12.996018	0.086673617
20151004	1	0.1	12.156284	0.091351151
20151004	1	0.1	11.815515	0.073576033
20151004	1	0.1	15.396228	0.088457108
20151004	1	0.1	14.264828	0.11048174
20151004	1	0.1	12.523067	0.082405388
20151004	1	0.1	12.393107	0.015854597
20151004	1	0.1	13.618186	0.079684317
20151004	1	0.1	13.356273	0.098941982
20151004	1	0.1	15.194144	0.1047172
20151004	1	0.1	11.982505	0.070522368
20151004	1	0.1	13.463289	0.090816617
20151004	1	0.1	15.950294	0.085079014
20151004	1	0.1	13.975567	0.097301364
20151004	1	0.1	9.1111574	0.098062515
20151004	1	0.1	12.204619	0.078062773
20151004	1	0.1	13.424972	0.093063653
20151004	1	0.1	12.104716	0.081778526
20151004	1	0.1	14.298324	0.090786338
20151004	1	0.1	14.836354	0.12431747
20151004	1	0.1	13.577595	0.097953022
20151004	1	0.1	12.802037	0.094189584
20151004	1	0.1	13.331455	0.10334533
20151004	1	0.1	15.776322	0.14507681
20151004	1	0.1	17.421209	0.17035574
20151004	1	0.1	14.962308	0.11257738
20151004	1	0.1	15.541333	0.090236306
20151004	1	0.1	15.757652	0.13335872
20151004	1	0.1	16.55035	0.16016597
20151004	1	0.1	13.164805	0.097560525
20151004	1	0.1	12.104716	0.077396035
20151004	1	0.1	11.806169	0.067548156
20151004	1	0.1	15.906401	0.090564549
20151004	1	0.1	15.415336	0.088327467
20151004	1	0.1	14.311185	0.095525444
20151004	1	0.1	14.495128	0.093938053
20151004	1	0.1	12.922193	0.094831347
20151004	1	0.1	12.019299	0.065156281
20151004	1	0.1	12.428685	0.013558447
20151004	1	0.1	14.436623	0.10733908
20151004	1	0.1	13.661349	0.10903025
20151004	1	0.1	12.930733	0.079733074
20151004	1	0.1	13.591139	0.099331319
20151004	1	0.1	15.696821	0.1341508
20151004	1	0.1	13.397534	0.14510691
20151004	1	0.1	15.182031	0.11289054
20151004	1	0.1	13.661349	0.1238451
20151004	1	0.1	13.39204	0.11017781
20151004	1	0.1	10.132255	0.050303161
20151004	1	0.1	12.034595	0.088835776
20151004	1	0.1	13.389293	0.10498786
20151004	1	0.1	14.989335	0.099746644
20151004	1	0.1	12.243751	0.093110263
20151004	1	0.1	16.612486	0.096971929
20151004	1	0.1	15.128614	0.11231464
20151004	1	0.1	12.767499	0.091173649
20151004	1	0.1	12.92504	0.10257012
20151004	1	0.1	13.471487	0.10764194
20151004	1	0.1	13.298292	0.070774794
20151004	1	0.1	12.893686	0.10395283
20151004	1	0.1	14.249343	0.11873001
20151004	1	0.1	13.806031	0.098943591
20151004	1	0.1	11.620827	0.071642995
20151004	1	0.1	13.408516	0.08601886
20151004	1	0.1	12.961998	0.091223121
20151004	1	0.1	12.198587	0.073370278
20151004	1	0.1	11.668226	0.070370615
20151004	1	0.1	14.09094	0.096288621
20151004	1	0.1	14.3702	0.098517835
20151004	1	0.1	13.965031	0.098521471
20151004	1	0.1	14.182043	0.12475455
20151004	1	0.1	12.315668	0.11232841
20151004	1	0.1	13.37004	0.12643147
20151004	1	0.1	15.001605	0.16035223
20151004	1	0.1	15.77399	0.11662668
20151004	1	0.1	14.533155	0.096665025
20151004	1	0.1	12.531878	0.089238584
20151004	1	0.1	16.274584	0.13957512
20151004	1	0.1	11.746801	0.10813063
20151004	1	0.1	13.136825	0.09767735
20151004	1	0.1	15.374703	0.10752404
20151004	1	0.1	13.885759	0.10177577
20151004	1	0.1	12.561207	0.098363876
20151004	1	0.1	11.19177	0.011970162
20151004	1	0.1	15.957213	0.17053956
20151004	1	0.1	12.674938	0.096700609
20151004	1	0.1	13.699007	0.099316359
20151004	1	0.1	14.135263	0.074396372
20151004	1	0.1	15.434421	0.072239399
20151004	1	0.1	13.26782	0.087009788
20151004	1	0.1	11.528634	0.12024397
20151004	1	0.1	17.204418	0.067424357
20151004	1	0.1	13.893707	0.094632268
20151004	1	0.1	11.877636	0.13710529
20151004	1	0.1	13.77134	0.12053591
20151004	1	0.1	14.02288	0.1251564
20151004	1	0.1	13.145225	0.11131984
20151004	1	0.1	14.88093	0.085121036
20151004	1	0.1	15.152918	0.091385305
20151004	1	0.1	16.987028	0.098120213
20151004	1	0.1	11.7374	0.11196238
20151004	1	0.1	13.837977	0.10745001
20151004	1	0.1	13.103169	0.092497647
20151004	1	0.1	12.534815	0.1010654
20151004	1	0.1	14.124846	0.090896904
20151004	1	0.1	13.28168	0.088751316
20151004	1	0.1	12.572919	0.11086631
20151004	1	0.1	12.384196	0.083283842
20151004	1	0.1	13.490593	0.093381226
20151004	1	0.1	14.367639	0.11118883
20151004	1	0.1	14.472262	0.10643905
20151004	1	0.1	14.520491	0.11538005
20151004	1	0.1	13.364535	0.12587065
20151004	1	0.1	13.175981	0.10158491
20151004	1	0.1	15.808943	0.094801486
20151004	1	0.1	15.708538	0.13238996
20151004	1	0.1	12.793411	0.073599219
20151004	1	0.1	12.077327	0.094623327
20151004	1	0.1	12.514249	0.089995325
20151004	1	0.1	13.01865	0.10325748
20151004	1	0.1	12.422763	0.065750122
20151004	1	0.1	14.311185	0.090753138
20151004	1	0.1	14.606397	0.087734759
20151004	1	0.1	14.811532	0.096838355
20151004	1	0.1	11.948678	0.13201344
20151004	1	0.1	14.365078	0.10383654
20151004	1	0.1	12.552416	0.14604384
20151004	1	0.1	14.093551	0.11779481
20151004	1	0.1	13.122812	0.12378496
20151004	1	0.1	15.607487	0.12704432
20151004	1	0.1	12.381225	0.08338666
20151004	1	0.1	13.375544	0.10973233
20151004	1	0.1	14.769238	0.10817623
20151004	1	0.1	14.236425	0.11211371
20151004	1	0.1	14.636596	0.076853633
20151004	1	0.1	13.816689	0.10526198
20151004	1	0.1	13.063795	0.09790194
20151004	1	0.1	13.049705	0.085874677
20151004	1	0.1	14.197602	0.075526953
20151004	1	0.1	13.822014	0.084050238
20151004	1	0.1	11.595468	0.068828404
20151004	1	0.1	11.560507	0.075163841
20151004	1	0.1	11.03616	0.0061798096
20151004	1	0.1	11.865239	0.085895419
20151004	1	0.1	12.648783	0.10122532
20151004	1	0.1	12.258768	0.091995895
20151004	1	0.1	15.237673	0.13573962
20151004	1	0.1	15.574445	0.14472634
20151004	1	0.1	12.546552	0.097705126
20151004	1	0.1	12.996018	0.096780539
20151004	1	0.1	13.405771	0.098481834
20151004	1	0.1	14.313756	0.12901187
20151004	1	0.1	13.394788	0.087674916
20151004	1	0.1	14.336873	0.14094681
20151004	1	0.1	12.14114	0.065464258
20151004	1	0.1	17.664522	0.076894104
20151004	1	0.1	14.406004	0.090738952
20151004	1	0.1	13.639784	0.11960161
20151004	1	0.1	13.628989	0.13501197
20151004	1	0.1	12.156284	0.10941762
20151004	1	0.1	15.855426	0.085722148
20151004	1	0.1	12.046821	0.096784413
20151004	1	0.1	12.738646	0.095036685
20151004	1	0.1	12.351469	0.072396278
20151004	1	0.1	12.07428	0.077634454
20151004	1	0.1	14.54075	0.11228216
20151004	1	0.1	13.512396	0.10142833
20151004	1	0.1	11.948678	0.10145348
20151004	1	0.1	14.588751	0.094544351
20151004	1	0.1	13.906943	0.15749502
20151004	1	0.1	13.21502	0.1247797
20151004	1	0.1	15.971043	0.11868453
20151004	1	0.1	13.637086	0.095062137
20151004	1	0.1	12.517189	0.12377667
20151004	1	0.1	16.856558	0.1396395
20151004	1	0.1	13.580305	0.088221371
20151004	1	0.1	16.941477	0.18178988
20151004	1	0.1	11.623992	0.093954086
20151004	1	0.1	10.432852	0.011942625
20151004	1	0.1	16.810654	0.018020689
20151004	1	0.1	14.848749	0.11544919
20151004	1	0.1	13.226153	0.11219972
20151004	1	0.1	13.763322	0.10298353
20151004	1	0.1	13.198304	0.16198581
20151004	1	0.1	12.264771	0.089291096
20151004	1	0.1	11.338757	0.048398316
20151004	1	0.1	13.359027	0.1292156
20151004	1	0.1	13.189938	0.07852453
20151004	1	0.1	13.381045	0.11811304
20151004	1	0.1	14.382998	0.17747921
20151004	1	0.1	15.524751	0.12646806
20151004	1	0.1	14.479888	0.12420541
20151004	1	0.1	12.927887	0.088472605
20151004	1	0.1	13.520563	0.085461259
20151004	1	0.1	12.987522	0.098388553
20151004	1	0.1	14.54328	0.12269986
20151004	1	0.1	14.451908	0.073817194
20151004	1	0.1	13.44688	0.098303616
20151004	1	0.1	13.861889	0.10798413
20151004	1	0.1	12.273767	0.080350518
20151004	1	0.1	16.165693	0.11421829
20151004	1	0.1	13.593846	0.10893464
20151004	1	0.1	13.909589	0.080307603
20151004	1	0.1	12.819271	0.078646004
20151004	1	0.1	14.114423	0.095472753
20151004	1	0.1	12.523067	0.077769518
20151004	1	0.1	14.017631	0.12540454
20151004	1	0.1	11.289973	0.07130599
20151004	1	0.1	12.590466	0.093870878
20151004	1	0.1	15.588614	0.11762691
20151004	1	0.1	14.915508	0.11090404
20151004	1	0.1	13.28445	0.10651058
20151004	1	0.1	12.062083	0.13656092
20151004	1	0.1	12.052928	0.073355496
20151004	1	0.1	12.859395	0.084407747
20151004	1	0.1	14.436623	0.11840087
20151004	1	0.1	13.245614	0.090197086
20151004	1	0.1	12.82501	0.087033808
20151004	1	0.1	13.206664	0.092505634
20151004	1	0.1	12.387168	0.079612851
20151004	1	0.1	13.993986	0.085781217
20151004	1	0.1	13.504224	0.11325908
20151004	1	0.1	13.631689	0.10904449
20151004	1	0.1	11.818628	0.066421747
20151004	1	0.1	14.786668	0.087359428
20151004	1	0.1	13.021476	0.077374876
20151004	1	0.1	15.818251	0.1005528
20151004	1	0.1	14.54328	0.10295516
20151004	1	0.1	12.312679	0.1022265
20151004	1	0.1	14.257088	0.097735345
20151004	1	0.1	14.517957	0.093609512
20151004	1	0.1	13.184357	0.098773837
20151004	1	0.1	14.182043	0.15233022
20151004	1	0.1	15.389056	0.12780052
20151004	1	0.1	13.837977	0.085317433
20151004	1	0.1	13.007339	0.092394114
20151004	1	0.1	14.088327	0.11388129
20151004	1	0.1	13.083497	0.12590641
20151004	1	0.1	13.631689	0.12064308
20151004	1	0.1	12.425724	0.075709879
20151004	1	0.1	17.601919	0.17924821
20151004	1	0.1	14.818983	0.079790175
20151004	1	0.1	12.873693	0.13208216
20151004	1	0.1	14.406004	0.08718133
20151004	1	0.1	12.893686	0.084875166
20151004	1	0.1	12.558277	0.076123476
20151004	1	0.1	16.396223	0.16919315
20151004	1	0.1	15.931827	0.12077707
20151004	1	0.1	14.528091	0.10287517
20151004	1	0.1	14.043857	0.097801805
20151004	1	0.1	13.661349	0.14344329
20151004	1	0.1	12.261769	0.064411104
20151004	1	0.1	14.721824	0.11623609
20151004	1	0.1	12.404978	0.084371924
20151004	1	0.1	12.876552	0.091389894
20151004	1	0.1	12.781901	0.087171972
20151004	1	0.1	13.139626	0.10370737
20151004	1	0.1	12.738646	0.08694458
20151004	1	0.1	12.930733	0.092889726
20151004	1	0.1	12.180475	0.078810453
20151004	1	0.1	12.839349	0.091068268
20151004	1	0.1	17.631163	0.1209411
20151004	1	0.1	12.996018	0.075956702
20151004	1	0.1	13.187147	0.15512472
20151004	1	0.1	12.384196	0.096796334
20151004	1	0.1	14.342006	0.072212994
20151004	1	0.1	11.089378	0.069547713
20151004	1	0.1	12.930733	0.11200184
20151004	1	0.1	15.880934	0.18315208
20151004	1	0.1	13.647875	0.015345395
20151004	1	0.1	13.452353	0.094274819
20151004	1	0.1	8.8655281	0.091853082
20151004	1	0.1	14.13266	0.11224991
20151004	1	0.1	14.701816	0.08321774
20151004	1	0.1	15.88325	0.10198897
20151004	1	0.1	12.487758	0.098854601
20151004	1	0.1	13.323172	0.067225814
20151004	1	0.1	12.30969	0.076902628
20151004	1	0.1	12.258768	0.1011188
20151004	1	0.1	13.292757	0.087274194
20151004	1	0.1	13.058161	0.011880517
20151004	1	0.1	13.967666	0.098488927
20151004	1	0.1	14.169064	0.14595366
20151004	1	0.1	15.81127	0.12534106
20151004	1	0.1	13.485137	0.099916637
20151004	1	0.1	13.664042	0.11073238
20151004	1	0.1	12.399044	0.070089757
20151004	1	0.1	13.463289	0.074725509
20151004	1	0.1	20.670811	0.062415183
20151004	1	0.1	11.89621	0.092338741
20151004	1	0.1	14.264828	0.09793961
20151004	1	0.1	15.00651	0.096890867
20151004	1	0.1	16.18162	0.12641788
20151004	1	0.1	14.077876	0.11853224
20151004	1	0.1	14.669242	0.10902804
20151004	1	0.1	16.062937	0.15142739
20151004	1	0.1	14.73931	0.08832258
20151004	1	0.1	12.967674	0.1041199
20151004	1	0.1	13.666735	0.096285582
20151004	1	0.1	11.442132	0.086688042
20151004	1	0.1	12.796288	0.1068877
20151004	1	0.1	13.795366	0.11209548
20151004	1	0.1	14.40345	0.12913597
20151004	1	0.1	14.676765	0.096702814
20151004	1	0.1	13.904297	0.078836024
20151004	1	0.1	12.827879	0.084415317
20151004	1	0.1	14.73931	0.13086373
20151004	1	0.1	12.642963	0.067211151
20151004	1	0.1	13.055343	0.1040352
20151004	1	0.1	11.299747	0.058995366
20151004	1	0.1	15.88325	0.13472527
20151004	1	0.1	14.377879	0.089415312
20151004	1	0.1	11.994782	0.040284574
20151004	1	0.1	13.599258	0.099627435
20151004	1	0.1	14.764254	0.12771153
20151004	1	0.1	13.032775	0.060469508
20151004	1	0.1	12.959159	0.1131742
20151004	1	0.1	14.641623	0.1586886
20151004	1	0.1	13.131221	0.09699887
20151004	1	0.1	14.756775	0.091854751
20151004	1	0.1	15.439188	0.14377844
20151004	1	0.1	14.741806	0.15780383
20151004	1	0.1	11.400249	0.10736197
20151004	1	0.1	11.991714	0.10199052
20151004	1	0.1	12.526005	0.081281841
20151004	1	0.1	13.501498	0.13569987
20151004	1	0.1	12.243751	0.15025204
20151004	1	0.1	12.000916	0.095433712
20151004	1	0.1	16.92844	0.016715944
20151004	1	0.1	14.161271	0.094684899
20151004	1	0.1	14.267407	0.11045712
20151004	1	0.1	14.428974	0.14575922
20151004	1	0.1	14.37532	0.11037242
20151004	1	0.1	12.14114	0.10292274
20151004	1	0.1	12.721303	0.089685738
20151004	1	0.1	12.879409	0.10285556
20151004	1	0.1	13.520563	0.072140634
20151004	1	0.1	15.685096	0.099527657
20151004	1	0.1	13.77134	0.054418504
20151004	1	0.1	13.397534	0.080275774
20151004	1	0.1	12.210648	0.066721439
20151004	1	0.1	13.536882	0.12449437
20151004	1	0.1	12.847943	0.082392395
20151004	1	0.1	13.460556	0.10929191
20151004	1	0.1	13.400281	0.081844926
20151004	1	0.1	12.44348	0.10668975
20151004	1	0.1	14.905637	0.090337157
20151004	1	0.1	13.156418	0.093991041
20151004	1	0.1	13.389293	0.089588523
20151004	1	0.1	12.66913	0.099635541
20151004	1	0.1	12.692345	0.11316657
20151004	1	0.1	12.210648	0.096667111
20151004	1	0.1	12.590466	0.081309438
20151004	1	0.1	14.871036	0.095038652
20151004	1	0.1	13.795366	0.086367905
20151004	1	0.1	14.275143	0.12066114
20151004	1	0.1	14.300897	0.080372512
20151004	1	0.1	13.957124	0.11189085
20151004	1	0.1	13.744594	0.099979639
20151004	1	0.1	13.664042	0.10873926
20151004	1	0.1	13.957124	0.10644281
20151004	1	0.1	14.838834	0.1183998
20151004	1	0.1	18.385151	0.18574077
20151004	1	0.1	13.707063	0.12700206
20151004	1	0.1	14.367639	0.11218041
20151004	1	0.1	12.876552	0.093604267
20151004	1	0.1	11.175319	0.064493716
20151004	1	0.1	16.081253	0.11264127
20151004	1	0.1	14.331739	0.17730278
20151004	1	0.1	13.664042	0.090683997
20151004	1	0.1	11.743669	0.1293785
20151004	1	0.1	15.626336	0.16950268
20151004	1	0.1	16.152029	0.025508285
20151004	1	0.1	15.379489	0.061234117
20151004	1	0.1	13.394788	0.11556715
20151004	1	0.1	13.585723	0.0862903
20151004	1	0.1	10.095873	0.069134057
20151004	1	0.1	13.094742	0.082065761
20151004	1	0.1	12.729978	0.089578748
20151004	1	0.1	13.885759	0.09282285
20151004	1	0.1	12.15931	0.084116697
20151004	1	0.1	13.917522	0.055559993
20151004	1	0.1	12.30072	0.086199999
20151004	1	0.1	11.354971	0.079038441
20151004	1	0.1	12.628403	0.10054773
20151004	1	0.1	11.960989	0.083904147
20151004	1	0.1	12.273767	0.093787551
20151004	1	0.1	12.82501	0.094053864
20151004	1	0.1	12.727086	0.11057252
20151004	1	0.1	12.101676	0.077432454
20151004	1	0.1	12.324629	0.1000253
20151004	1	0.1	13.880459	0.16798908
20151004	1	0.1	12.013174	0.10736853
20151004	1	0.1	13.755299	0.10339308
20151004	1	0.1	17.902473	0.11764908
20151004	1	0.1	14.406004	0.11736512
20151004	1	0.1	13.173188	0.11991543
20151004	1	0.1	13.612781	0.084250212
20151004	1	0.1	15.915651	0.1131717
20151004	1	0.1	13.899003	0.10803187
20151004	1	0.1	12.689445	0.094703674
20151004	1	0.1	14.459543	0.10515362
20151004	1	0.1	16.78875	0.12946272
20151004	1	0.1	12.947795	0.11966348
20151004	1	0.1	14.78169	0.15135443
20151004	1	0.1	16.574787	0.093026161
20151004	1	0.1	13.383795	0.10088342
20151004	1	0.1	12.318655	0.10557836
20151004	1	0.1	12.369331	0.10981059
20151004	1	0.1	14.231255	0.083066642
20151004	1	0.1	13.655961	0.14032865
20151004	1	0.1	12.276765	0.079148471
20151004	1	0.1	12.366356	0.1216622
20151004	1	0.1	11.96714	0.07397449
20151004	1	0.1	14.73931	0.13616765
20151004	1	0.1	12.922193	0.13836843
20151004	1	0.1	13.262272	0.11608064
20151004	1	0.1	14.439172	0.12241328
20151004	1	0.1	15.106709	0.090658844
20151004	1	0.1	12.26777	0.08872211
20151004	1	0.1	11.538205	0.094979167
20151004	1	0.1	12.031538	0.10088038
20151004	1	0.1	15.5437	0.11584717
20151004	1	0.1	8.2818422	0.022490263
20151004	1	0.1	12.651691	0.140782
20151004	1	0.1	13.303825	0.13504004
20151004	1	0.1	12.666225	0.10336155
20151004	1	0.1	12.810657	0.12232661
20151004	1	0.1	11.322518	0.089124978
20151004	1	0.1	14.062184	0.08769685
20151004	1	0.1	11.270401	0.077884614
20151004	1	0.1	15.706195	0.14467657
20151004	1	0.1	13.504224	0.096688569
20151004	1	0.1	15.467762	0.12022734
20151004	1	0.1	15.276262	0.11174548
20151004	1	0.1	15.458243	0.07604295
20151004	1	0.1	17.446537	0.071903765
20151004	1	0.1	14.838834	0.077826977
20151004	1	0.1	13.052524	0.096446693
20151004	1	0.1	19.190117	0.087381542
20151004	1	0.1	15.053027	0.13158131
20151004	1	0.1	11.247523	0.05160296
20151004	1	0.1	16.097261	0.13652259
20151004	1	0.1	12.490704	0.076748312
20151004	1	0.1	12.381225	0.024733782
20151004	1	0.1	14.423873	0.09647423
20151004	1	0.1	12.89654	0.083048582
20151004	1	0.1	14.530623	0.12579417
20151004	1	0.1	11.544581	0.044925451
20151004	1	0.1	11.85593	0.089162707
20151004	1	0.1	17.266333	0.14917272
20151004	1	0.1	12.46121	0.10132378
20151004	1	0.1	13.68557	0.16199821
20151004	1	0.1	13.336974	0.075705171
20151004	1	0.1	12.905097	0.1000154
20151004	1	0.1	12.174432	0.09387821
20151004	1	0.1	15.317156	0.10448289
20151004	1	0.1	13.253945	0.11820078
20151004	1	0.1	11.78433	0.084110677
20151004	1	0.1	16.456705	0.099505186
20151004	1	0.1	12.019299	0.076571405
20151004	1	0.1	15.52001	0.092127979
20151004	1	0.1	15.583893	0.030427217
20151004	1	0.1	12.956319	0.1017102
20151004	1	0.1	12.810657	0.093851745
20151004	1	0.1	12.404978	0.080731213
20151004	1	0.1	12.677841	0.085270882
20151004	1	0.1	12.261769	0.084524751
20151004	1	0.1	14.197602	0.10422474
20151004	1	0.1	13.449617	0.09762305
20151004	1	0.1	12.440522	0.090261936
20151004	1	0.1	15.016315	0.10646462
20151004	1	0.1	15.008962	0.10594273
20151004	1	0.1	12.856533	0.11254513
20151004	1	0.1	15.876299	0.14217347
20151004	1	0.1	12.086463	0.1007418
20151004	1	0.1	14.205375	0.089763105
20151004	1	0.1	11.976361	0.074767947
20151004	1	0.1	15.31235	0.091879487
20151004	1	0.1	12.689445	0.14404672
20151004	1	0.1	13.26782	0.12991828
20151004	1	0.1	11.623992	0.098169386
20151004	1	0.1	9.3227482	0.024326026
20151004	1	0.1	13.690946	0.1033864
20151004	1	0.1	14.974599	0.12614942
20151004	1	0.1	14.09094	0.10373062
20151004	1	0.1	12.85367	0.071289599
20151004	1	0.1	15.853105	0.14569139
20151004	1	0.1	12.715516	0.091805279
20151004	1	0.1	13.100361	0.11245161
20151004	1	0.1	14.117029	0.12041306
20151004	1	0.1	9.487072	0.050743222
20151004	1	0.1	14.269986	0.091516972
20151004	1	0.1	13.356273	0.11928862
20151004	1	0.1	13.811361	0.16515231
20151004	1	0.1	15.640459	0.12585634
20151004	1	0.1	12.561207	0.096448898
20151004	1	0.1	14.357391	0.09782815
20151004	1	0.1	14.646648	0.095268965
20151004	1	0.1	12.727086	0.092400372
20151004	1	0.1	12.899393	0.096722424
20151004	1	0.1	11.620827	0.10086173
20151004	1	0.1	11.211479	0.076831996
20151004	1	0.1	12.94211	0.14252752
20151004	1	0.1	13.201092	0.088890851
20151004	1	0.1	14.244177	0.13233387
20151004	1	0.1	12.709727	0.085128129
20151004	1	0.1	17.649935	0.14076132
20151004	1	0.1	12.384196	0.080577433
20151004	1	0.1	13.482409	0.10375977
20151004	1	0.1	12.321642	0.081228077
20151004	1	0.1	15.880934	0.11919063
20151004	1	0.1	14.54328	0.12351352
20151004	1	0.1	13.128419	0.10831201
20151004	1	0.1	17.135841	0.13907498
20151004	1	0.1	12.162336	0.10297602
20151004	1	0.1	14.267407	0.1316368
20151004	1	0.1	15.001605	0.095648408
20151004	1	0.1	12.195571	0.078631699
20151004	1	0.1	15.493907	0.13165754
20151004	1	0.1	15.560263	0.13476735
20151004	1	0.1	13.574884	0.076184869
20151004	1	0.1	13.596553	0.10592556
20151004	1	0.1	16.590321	0.18845099
20151004	1	0.1	12.787658	0.10263687
20151004	1	0.1	14.462089	0.084075212
20151004	1	0.1	12.068183	0.087985933
20151004	1	0.1	14.017631	0.099758983
20151004	1	0.1	12.683644	0.074613869
20151004	1	0.1	13.564037	0.10767585
20151004	1	0.1	13.010168	0.074109018
20151004	1	0.1	14.161271	0.12077409
20151004	1	0.1	13.943936	0.095395744
20151004	1	0.1	11.86834	0.077890754
20151004	1	0.1	13.827337	0.098684907
20151004	1	0.1	14.474804	0.10999072
20151004	1	0.1	12.505424	0.10185426
20151004	1	0.1	14.293176	0.099774241
20151004	1	0.1	14.446815	0.11588812
20151004	1	0.1	12.446437	0.15196103
20151004	1	0.1	12.354448	0.13600308
20151004	1	0.1	11.883831	0.099589705
20151004	1	0.1	14.184638	0.10223866
20151004	1	0.1	15.208668	0.10322529
20151004	1	0.1	14.336873	0.089183629
20151004	1	0.1	11.696574	0.088313758
20151004	1	0.1	12.270769	0.066996992
20151004	1	0.1	14.054333	0.090666592
20151004	1	0.1	14.57361	0.08152473
20151004	1	0.1	14.86361	0.085662544
20151004	1	0.1	12.15931	0.087545455
20151004	1	0.1	15.755317	0.11855298
20151004	1	0.1	12.75885	0.079367876
20151004	1	0.1	14.910573	0.066094518
20151004	1	0.1	12.830748	0.093731463
20151004	1	0.1	12.819271	0.096850276
20151004	1	0.1	11.371162	0.073983133
20151004	1	0.1	16.402954	0.13445425
20151004	1	0.1	12.526005	0.087189734
20151004	1	0.1	12.189535	0.077298343
20151004	1	0.1	12.887978	0.087148964
20151004	1	0.1	13.07787	0.097269356
20151004	1	0.1	13.39204	0.092119396
20151004	1	0.1	13.331455	0.084863484
20151004	1	0.1	14.54075	0.084725201
20151004	1	0.1	16.010162	0.12247318
20151004	1	0.1	14.930303	0.13058722
20151004	1	0.1	12.575846	0.10126638
20151004	1	0.1	12.065133	0.10159028
20151004	1	0.1	12.132044	0.094838202
20151004	1	0.1	15.30033	0.078486979
20151004	1	0.1	12.862256	0.083810031
20151004	1	0.1	16.733868	0.10538173
20151004	1	0.1	13.220588	0.084336758
20151004	1	0.1	12.484811	0.094834983
20151004	1	0.1	13.273366	0.10379064
20151004	1	0.1	12.12901	0.080831468
20151004	1	0.1	13.164805	0.12792307
20151004	1	0.1	14.051714	0.085091114
20151004	1	0.1	11.96714	0.083484888
20151004	1	0.1	12.135077	0.071195781
20151004	1	0.1	12.068183	0.092880428
20151004	1	0.1	15.379489	0.14830363
20151004	1	0.1	11.646131	0.060180962
20151004	1	0.1	12.645874	0.10662651
20151004	1	0.1	14.262248	0.10968596
20151004	1	0.1	14.231255	0.10790807
20151004	1	0.1	12.973348	0.092956424
20151004	1	0.1	12.729978	0.1326949
20151004	1	0.1	11.809284	0.087078035
20151004	1	0.1	12.481863	0.12535965
20151004	1	0.1	15.326762	0.017041564
20151004	1	0.1	14.179448	0.10076612
20151004	1	0.1	12.578771	0.078585744
20151004	1	0.1	11.840403	0.06460315
20151004	1	0.1	12.648783	0.11469227
20151004	1	0.1	12.122942	0.082865775
20151004	1	0.1	12.572919	0.069993079
20151004	1	0.1	10.878325	0.065982223
20151004	1	0.1	19.405582	0.17373085
20151004	1	0.1	15.443954	0.10801256
20151004	1	0.1	13.776682	0.091102123
20151004	1	0.1	13.306591	0.11452854
20151004	1	0.1	8.3790188	0.081890404
20151004	1	0.1	13.021476	0.10018706
20151004	1	0.1	11.985576	0.089546978
20151004	1	0.1	13.787361	0.083979368
20151004	1	0.1	13.666735	0.10735834
20151004	1	0.1	15.76699	0.10687143
20151004	1	0.1	16.147472	0.10389161
20151004	1	0.1	13.345248	0.1214236
20151004	1	0.1	13.999244	0.10580903
20151004	1	0.1	12.953479	0.076521575
20151004	1	0.1	16.839085	0.1148662
20151004	1	0.1	15.133478	0.10303992
20151004	1	0.1	13.181565	0.071124554
20151004	1	0.1	12.790535	0.10062313
20151004	1	0.1	11.214761	0.014414072
20151004	1	0.1	13.774012	0.093143284
20151004	1	0.1	12.976184	0.12115288
20151004	1	0.1	12.581696	0.10203212
20151004	1	0.1	14.555925	0.17413765
20151004	1	0.1	13.066611	0.08750397
20151004	1	0.1	11.442132	0.056945801
20151004	1	0.1	12.41091	0.097955287
20151004	1	0.1	14.507814	0.12098682
20151004	1	0.1	12.034595	0.070714474
20151004	1	0.1	12.09255	0.082721114
20151004	1	0.1	14.388113	0.115794
20151004	1	0.1	14.563507	0.10841411
20151004	1	0.1	11.496672	0.091688573
20151004	1	0.1	11.831076	0.075213134
20151004	1	0.1	16.376013	0.14978856
20151004	1	0.1	9.6333323	0.016142786
20151004	1	0.1	14.756775	0.10159659
20151004	1	0.1	12.183496	0.1065256
20151004	1	0.1	13.599258	0.10166639
20151004	1	0.1	14.406004	0.10490471
20151004	1	0.1	14.596316	0.17439634
20151004	1	0.1	13.359027	0.084236562
20151004	1	0.1	12.787658	0.075086355
20151004	1	0.1	15.377096	0.11328369
20151004	1	0.1	13.356273	0.076268017
20151004	1	0.1	12.168386	0.084213316
20151004	1	0.1	12.327614	0.057851136
20151004	1	0.1	14.48751	0.094424486
20151004	1	0.1	17.232201	0.11066473
20151004	1	0.1	16.312977	0.10406303
20151004	1	0.1	15.384274	0.074463487
20151004	1	0.1	12.99885	0.073223531
20151004	1	0.1	12.068183	0.089288116
20151004	1	0.1	12.46121	0.085234761
20151004	1	0.1	13.430452	0.12728798
20151004	1	0.1	13.438669	0.15723777
20151004	1	0.1	11.948678	0.098177493
20151004	1	0.1	15.118882	0.13358164
20151004	1	0.1	15.899459	0.11944938
20151004	1	0.1	13.957124	0.092387319
20151004	1	0.1	12.44348	0.0776546
20151004	1	0.1	13.731201	0.10946596
20151004	1	0.1	13.696321	0.11836696
20151004	1	0.1	14.726822	0.099884987
20151004	1	0.1	11.39702	0.08899945
20151004	1	0.1	15.15049	0.063588917
20151004	1	0.1	18.728197	0.15581852
20151004	1	0.1	13.891058	0.11885166
20151004	1	0.1	12.822141	0.1128273
20151004	1	0.1	15.857746	0.11779398
20151004	1	0.1	12.333582	0.08158499
20151004	1	0.1	13.9703	0.11922306
20151004	1	0.1	15.087211	0.089307249
20151004	1	0.1	14.502741	0.082320809
20151004	1	0.1	14.269986	0.080978632
20151004	1	0.1	13.248392	0.14432913
20151004	1	0.1	12.183496	0.071393728
20151004	1	0.1	11.247523	0.067528129
20151004	1	0.1	10.824068	0.057069182
20151004	1	0.1	15.957213	0.088650167
20151004	1	0.1	14.17166	0.095747292
20151004	1	0.1	12.950638	0.092149436
20151004	1	0.1	13.01865	0.089373112
20151004	1	0.1	14.836354	0.089890182
20151004	1	0.1	12.836483	0.11389673
20151004	1	0.1	12.540685	0.088258147
20151004	1	0.1	12.306702	0.085647643
20151004	1	0.1	18.669163	0.14456916
20151004	1	0.1	12.336565	0.077206671
20151004	1	0.1	12.701039	0.13002247
20151004	1	0.1	11.945598	0.097100854
20151004	1	0.1	15.048137	0.10352886
20151004	1	0.1	11.712293	0.01081115
20151004	1	0.1	15.931827	0.12009829
20151004	1	0.1	14.269986	0.080845177
20151004	1	0.1	14.236425	0.071954727
20151004	1	0.1	14.331739	0.086260676
20151004	1	0.1	15.215924	0.11445808
20151004	1	0.1	14.189824	0.12069893
20151004	1	0.1	13.626289	0.13410801
20151004	1	0.1	13.803366	0.089410722
20151004	1	0.1	17.336517	0.028384984
20151004	1	0.1	13.234497	0.098127663
20151004	1	0.1	12.052928	0.07087332
20151004	1	0.1	15.401008	0.078323305
20151004	1	0.1	12.996018	0.12975466
20151004	1	0.1	11.914754	0.08325547
20151004	1	0.1	14.357391	0.078588784
20151004	1	0.1	15.177182	0.076417625
20151004	1	0.1	13.28168	0.067561567
20151004	1	0.1	13.843295	0.10126621
20151004	1	0.1	13.634388	0.081946969
20151004	1	0.1	14.957389	0.095585167
20151004	1	0.1	13.672119	0.1245327
20151004	1	0.1	12.683644	0.12926775
20151004	1	0.1	13.893707	0.10148144
20151004	1	0.1	14.482429	0.10442078
20151004	1	0.1	15.237673	0.16906512
20151004	1	0.1	11.759324	0.076609492
20151004	1	0.1	13.717796	0.1330902
20151004	1	0.1	14.945083	0.12343818
20151004	1	0.1	13.178774	0.079890013
20151004	1	0.1	12.019299	0.094011068
20151004	1	0.1	12.970511	0.10633951
20151004	1	0.1	13.07787	0.094742358
20151004	1	0.1	13.496047	0.089959979
20151004	1	0.1	13.528725	0.082490146
20151004	1	0.1	12.99885	0.08075875
20151004	1	0.1	12.755965	0.092115045
20151004	1	0.1	17.813873	0.10700899
20151004	1	0.1	11.936354	0.080135107
20151004	1	0.1	12.30072	0.089021266
20151004	1	0.1	14.377879	0.10716277
20151004	1	0.1	12.683644	0.094510436
20151004	1	0.1	11.204913	0.13683361
20151004	1	0.1	13.134023	0.11663693
20151004	1	0.1	13.328694	0.10849172
20151004	1	0.1	13.414003	0.12105256
20151004	1	0.1	14.601357	0.099578619
20151004	1	0.1	13.856579	0.11281133
20151004	1	0.1	11.608154	0.090280414
20151004	1	0.1	12.575846	0.085950017
20151004	1	0.1	12.813529	0.11463469
20151004	1	0.1	14.78169	0.11841691
20151004	1	0.1	13.198304	0.10834342
20151004	1	0.1	12.822141	0.1184144
20151004	1	0.1	11.231154	0.078082502
20151004	1	0.1	12.490704	0.083502054
20151004	1	0.1	12.973348	0.071303725
20151004	1	0.1	13.95185	0.10250342
20151004	1	0.1	15.906401	0.1006242
20151004	1	0.1	15.654569	0.11894572
20151004	1	0.1	11.982505	0.10712582
20151004	1	0.1	13.28168	0.091525316
20151004	1	0.1	13.181565	0.10872501
20151004	1	0.1	14.29575	0.08246094
20151004	1	0.1	11.724854	0.096796155
20151004	1	0.1	11.954835	0.11878729
20151004	1	0.1	13.334215	0.086058021
20151004	1	0.1	13.612781	0.10783321
20151004	1	0.1	13.639784	0.070950866
20151004	1	0.1	13.181565	0.11284834
20151004	1	0.1	14.439172	0.099898875
20151004	1	0.1	13.49332	0.11236697
20151004	1	0.1	13.67481	0.14928854
20151004	1	0.1	14.73931	0.092636883
20151004	1	0.1	12.499538	0.086798131
20151004	1	0.1	11.29649	0.023355246
20151004	1	0.1	13.44688	0.081331313
20151004	1	0.1	16.596973	0.1573512
20151004	1	0.1	12.976184	0.08060497
20151004	1	0.1	10.548601	0.038330078
20151004	1	0.1	14.272565	0.11385375
20151004	1	0.1	13.474218	0.01977396
20151004	1	0.1	17.008675	0.16258353
20151004	1	0.1	12.575846	0.079130232
20151004	1	0.1	14.249343	0.094848216
20151004	1	0.1	14.334307	0.10087818
20151004	1	0.1	12.168386	0.079466581
20151004	1	0.1	12.531878	0.058869183
20151004	1	0.1	14.517957	0.12112433
20151004	1	0.1	14.809047	0.11030442
20151004	1	0.1	15.126183	0.013201475
20151004	1	0.1	14.764254	0.11999458
20151004	1	0.1	13.917522	0.074223042
20151004	1	0.1	13.661349	0.090544522
20151004	1	0.1	12.856533	0.089807987
20151004	1	0.1	12.276765	0.088202715
20151004	1	0.1	13.965031	0.087401509
20151004	1	0.1	14.669242	0.12185585
20151004	1	0.1	12.750196	0.1025309
20151004	1	0.1	14.29575	0.11046982
20151004	1	0.1	13.37004	0.13007557
20151004	1	0.1	10.824068	0.019540012
20151004	1	0.1	12.625489	0.11422652
20151004	1	0.1	12.276765	0.092762709
20151004	1	0.1	11.837295	0.10335869
20151004	1	0.1	12.502481	0.079280257
20151004	1	0.1	17.444427	0.084782004
20151004	1	0.1	11.924016	0.092194974
20151004	1	0.1	15.242502	0.12279397
20151004	1	0.1	13.021476	0.086823106
20151004	1	0.1	13.386544	0.108594
20151004	1	0.1	12.369331	0.068776786
20151004	1	0.1	12.003982	0.082791686
20151004	1	0.1	13.170395	0.099077523
20151004	1	0.1	12.628403	0.099150002
20151004	1	0.1	11.721714	0.085672438
20151004	1	0.1	14.174257	0.13586003
20151004	1	0.1	13.055343	0.088800251
20151004	1	0.1	12.552416	0.10182929
20151004	1	0.1	15.790311	0.10847574
20151004	1	0.1	12.294736	0.12656522
20151004	1	0.1	12.747309	0.12594414
20151004	1	0.1	12.66913	0.090082109
20151004	1	0.1	15.092088	0.11594832
20151004	1	0.1	14.308614	0.079198778
20151004	1	0.1	14.067417	0.11089528
20151004	1	0.1	15.131047	0.053971052
20151004	1	0.1	13.153621	0.081658602
20151004	1	0.1	14.277719	0.090607107
20151004	1	0.1	15.626336	0.099168241
20151004	1	0.1	13.21502	0.09307003
20151004	1	0.1	16.414167	0.1070053
20151004	1	0.1	12.330598	0.082062483
20151004	1	0.1	11.286715	0.086115718
20151004	1	0.1	13.661349	0.092599213
20151004	1	0.1	15.276262	0.096041858
20151004	1	0.1	14.13266	0.12480158
20151004	1	0.1	15.661618	0.13119096
20151004	1	0.1	10.618137	0.085788906
20151004	1	0.1	14.927838	0.10982579
20151004	1	0.1	14.272565	0.086488545
20151004	1	0.1	13.501498	0.15731722
20151004	1	0.1	14.856181	0.14005625
20151004	1	0.1	13.5396	0.13107532
20151004	1	0.1	16.954504	0.11436301
20151004	1	0.1	11.740535	0.099881351
20151004	1	0.1	15.839172	0.10878026
20151004	1	0.1	10.446951	0.016702533
20151004	1	0.1	13.925451	0.11121744
20151004	1	0.1	13.452353	0.08453095
20151004	1	0.1	14.001872	0.064311504
20151004	1	0.1	13.223372	0.1472373
20151004	1	0.1	14.523025	0.11523533
20151004	1	0.1	13.601964	0.087495744
20151004	1	0.1	13.572173	0.14150852
20151004	1	0.1	12.976184	0.14113671
20151004	1	0.1	14.794131	0.1407792
20151004	1	0.1	10.506658	0.066825092
20151004	1	0.1	13.015823	0.098405838
20151004	1	0.1	12.252764	0.10665846
20151004	1	0.1	12.796288	0.076812088
20151004	1	0.1	15.968738	0.13671428
20151004	1	0.1	13.72316	0.10879588
20151004	1	0.1	13.372792	0.10837674
20151004	1	0.1	13.295525	0.1060524
20151004	1	0.1	13.044064	0.092357218
20151004	1	0.1	13.125615	0.12175161
20151004	1	0.1	13.542317	0.095836639
20151004	1	0.1	13.666735	0.095599651
20151004	1	0.1	13.055343	0.0056946874
20151004	1	0.1	15.067686	0.10607159
20151004	1	0.1	12.587543	0.089562893
20151004	1	0.1	12.183496	0.10979265
20151004	1	0.1	13.925451	0.083499849
20151004	1	0.1	15.405785	0.083841026
20151004	1	0.1	13.88841	0.10139638
20151004	1	0.1	13.509672	0.073164165
20151004	1	0.1	18.459057	0.19722527
20151004	1	0.1	13.287219	0.088740766
20151004	1	0.1	12.625489	0.11267847
20151004	1	0.1	14.54328	0.095557928
20151004	1	0.1	11.38733	0.082604229
20151004	1	0.1	16.120104	0.091990054
20151004	1	0.1	14.109207	0.066331685
20151004	1	0.1	12.189535	0.10098743
20151004	1	0.1	14.267407	0.10019535
20151004	1	0.1	15.00651	0.080388725
20151004	1	0.1	16.976194	0.20072508
20151004	1	0.1	12.619658	0.072447836
20151004	1	0.1	16.472349	0.14396131
20151004	1	0.1	13.843295	0.090025067
20151004	1	0.1	12.246756	0.09755522
20151004	1	0.1	13.273366	0.093608856
20151004	1	0.1	13.572173	0.10742074
20151004	1	0.1	12.02848	0.08731252
20151004	1	0.1	12.21366	0.080994904
20151004	1	0.1	12.192554	0.072495162
20151004	1	0.1	13.485137	0.083720148
20151004	1	0.1	12.683644	0.084426582
20151004	1	0.1	13.832659	0.12144458
20151004	1	0.1	12.231724	0.072935581
20151004	1	0.1	12.732867	0.082776129
20151004	1	0.1	13.386544	0.089333117
20151004	1	0.1	13.86985	0.087264895
20151004	1	0.1	12.876552	0.070817769
20151004	1	0.1	11.893116	0.082668126
20151004	1	0.1	14.520491	0.11533374
20151004	1	0.1	12.82501	0.039139092
20151004	1	0.1	13.760648	0.093379319
20151004	1	0.1	12.979019	0.080811262
20151004	1	0.1	12.715516	0.094548464
20151004	1	0.1	12.336565	0.082907677
20151004	1	0.1	9.3148508	0.073352814
20151004	1	0.1	13.010168	0.10968602
20151004	1	0.1	12.724195	0.1055336
20151004	1	0.1	14.54328	0.080917597
20151004	1	0.1	11.902394	0.069462597
20151004	1	0.1	13.978199	0.10351616
20151004	1	0.1	13.455088	0.15748715
20151004	1	0.1	12.981854	0.10725754
20151004	1	0.1	14.734316	0.084033847
20151004	1	0.1	12.993187	0.14048517
20151004	1	0.1	12.321642	0.086220443
20151004	1	0.1	12.062083	0.086260259
20151004	1	0.1	12.856533	0.110825
20151004	1	0.1	15.887883	0.071516216
20151004	1	0.1	13.925451	0.10377693
20151004	1	0.1	13.145225	0.12500358
20151004	1	0.1	12.306702	0.083422244
20151004	1	0.1	12.953479	0.10783523
20151004	1	0.1	11.668226	0.089974046
20151004	1	0.1	9.0137081	0.010211766
20151004	1	0.1	16.138355	0.18519622
20151004	1	0.1	13.080684	0.10016721
20151004	1	0.1	15.035905	0.11149162
20151004	1	0.1	15.026113	0.079100907
20151004	1	0.1	13.471487	0.13769096
20151004	1	0.1	14.848749	0.12675196
20151004	1	0.1	12.357426	0.083451331
20151004	1	0.1	12.062083	0.078101456
20151004	1	0.1	15.794971	0.1106891
20151004	1	0.1	13.455088	0.086660087
20151004	1	0.1	12.819271	0.10380232
20151004	1	0.1	18.20211	0.14318585
20151004	1	0.1	13.325933	0.083355069
20151004	1	0.1	13.26782	0.10253382
20151004	1	0.1	16.023947	0.12149638
20151004	1	0.1	13.422231	0.084370792
20151004	1	0.1	11.781208	0.06455189
20151004	1	0.1	13.021476	0.14253432
20151004	1	0.1	13.967666	0.090565681
20151004	1	0.1	14.01238	0.11843055
20151004	1	0.1	12.865116	0.094571948
20151004	1	0.1	13.145225	0.094299853
20151004	1	0.1	14.957389	0.10224396
20151004	1	0.1	15.804287	0.1012674
20151004	1	0.1	12.887978	0.086882234
20151004	1	0.1	13.941297	0.10858846
20151004	1	0.1	13.334215	0.09870851
20151004	1	0.1	12.899393	0.10824496
20151004	1	0.1	13.561324	0.10403287
20151004	1	0.1	11.874538	0.081500709
20151004	1	0.1	12.916496	0.10606951
20151004	1	0.1	15.191722	0.11875272
20151004	1	0.1	12.30072	0.11162937
20151004	1	0.1	14.249343	0.089302838
20151004	1	0.1	13.558611	0.077842712
20151004	1	0.1	12.546552	0.10450608
20151004	1	0.1	15.755317	0.093435824
20151004	1	0.1	14.400895	0.098315001
20151004	1	0.1	13.715114	0.12723768
20151004	1	0.1	12.046821	0.07036984
20151004	1	0.1	12.336565	0.11244375
20151004	1	0.1	13.71243	0.08815062
20151004	1	0.1	12.561207	0.10966301
20151004	1	0.1	12.698141	0.070932686
20151004	1	0.1	11.942517	0.10075021
20151004	1	0.1	15.121316	0.093195081
20151004	1	0.1	14.262248	0.075193048
20151004	1	0.1	13.904297	0.1328041
20151004	1	0.1	11.538205	0.080794632
20151004	1	0.1	13.824676	0.11104512
20151004	1	0.1	12.781901	0.11795306
20151004	1	0.1	15.011413	0.098139465
20151004	1	0.1	13.114397	0.10151392
20151004	1	0.1	13.256721	0.098487496
20151004	1	0.1	13.203878	0.10781014
20151004	1	0.1	13.5396	0.11559343
20151004	1	0.1	14.318896	0.098032117
20151004	1	0.1	13.159214	0.12147278
20151004	1	0.1	14.046476	0.073563695
20151004	1	0.1	12.816401	0.086072385
20151004	1	0.1	14.838834	0.1142022
20151004	1	0.1	15.121316	0.15782076
20151004	1	0.1	12.252764	0.091685176
20151004	1	0.1	17.404305	0.064742446
20151004	1	0.1	13.536882	0.084109962
20151004	1	0.1	12.761734	0.10268068
20151004	1	0.1	11.890022	0.085029244
20151004	1	0.1	13.669427	0.088477433
20151004	1	0.1	9.2115698	0.010050654
20151004	1	0.1	13.094742	0.088491857
20151004	1	0.1	14.814015	0.085447252
20151004	1	0.1	15.52238	0.16168386
20151004	1	0.1	13.482409	0.09187907
20151004	1	0.1	13.607373	0.11112344
20151004	1	0.1	14.903168	0.13514429
20151004	1	0.1	13.159214	0.085556388
20151004	1	0.1	14.87351	0.10019267
20151004	1	0.1	12.847943	0.096416235
20151004	1	0.1	24.79512	0.19999498
20151004	1	0.1	12.89654	0.08242172
20151004	1	0.1	13.220588	0.12227571
20151004	1	0.1	13.661349	0.092323065
20151004	1	0.1	15.00651	0.098480284
20151004	1	0.1	12.07428	0.065030336
20151004	1	0.1	13.452353	0.095798612
20151004	1	0.1	13.701693	0.10115558
20151004	1	0.1	13.032775	0.076943457
20151004	1	0.1	13.134023	0.13049436
20151004	1	0.1	13.68019	0.059429288
20151004	1	0.1	12.813529	0.072576225
20151004	1	0.1	12.747309	0.083070695
20151004	1	0.1	14.316326	0.10914361
20151004	1	0.1	13.593846	0.097850204
20151004	1	0.1	13.891058	0.11900789
20151004	1	0.1	12.357426	0.098024547
20151004	1	0.1	12.596311	0.079720795
20151004	1	0.1	12.706832	0.11803478
20151004	1	0.1	16.731668	0.11849242
20151004	1	0.1	12.796288	0.075637102
20151004	1	0.1	17.902473	0.082918525
20151004	1	0.1	12.721303	0.096750557
20151004	1	0.1	12.99885	0.11690146
20151004	1	0.1	14.067417	0.028308213
20151004	1	0.1	13.223372	0.10663658
20151004	1	0.1	17.008675	0.13357168
20151004	1	0.1	14.528091	0.10601348
20151004	1	0.1	12.255767	0.054211497
20151004	1	0.1	14.915508	0.10412377
20151004	1	0.1	12.34849	0.091174781
20151004	1	0.1	14.746798	0.099671781
20151004	1	0.1	14.796618	0.10047293
20151004	1	0.1	12.572919	0.062787592
20151004	1	0.1	12.950638	0.09894532
20151004	1	0.1	11.541393	0.089209139
20151004	1	0.1	13.234497	0.090833664
20151004	1	0.1	13.027126	0.092607617
20151004	1	0.1	15.595695	0.09224999
20151004	1	0.1	13.314884	0.1061613
20151004	1	0.1	14.124846	0.1414277
20151004	1	0.1	13.949213	0.083091021
20151004	1	0.1	13.325933	0.067305088
20151004	1	0.1	13.90165	0.085041881
20151004	1	0.1	15.283486	0.13323551
20151004	1	0.1	11.680834	0.075529695
20151004	1	0.1	13.787361	0.10335153
20151004	1	0.1	12.683644	0.087971032
20151004	1	0.1	13.052524	0.15775365
20151004	1	0.1	14.525558	0.089559436
20151004	1	0.1	13.292757	0.15245706
20151004	1	0.1	11.917842	0.079850554
20151004	1	0.1	12.434605	0.10250908
20151004	1	0.1	14.937695	0.09859556
20151004	1	0.1	13.029951	0.092542887
20151004	1	0.1	12.336565	0.097200155
20151004	1	0.1	13.242836	0.060605943
20151004	1	0.1	11.454988	0.071626127
20151004	1	0.1	12.856533	0.016470373
20151004	1	0.1	14.515422	0.11245245
20151004	1	0.1	13.959761	0.099618971
20151004	1	0.1	13.334215	0.089720368
20151004	1	0.1	12.919345	0.063822091
20151004	1	0.1	13.816689	0.10998762
20151004	1	0.1	13.37004	0.11460662
20151004	1	0.1	13.066611	0.1254974
20151004	1	0.1	12.847943	0.078592122
20151004	1	0.1	13.278909	0.13029033
20151004	1	0.1	13.328694	0.12625366
20151004	1	0.1	13.717796	0.094783247
20151004	1	0.1	12.437564	0.078461349
20151004	1	0.1	14.334307	0.13283074
20151004	1	0.1	14.426424	0.12491482
20151004	1	0.1	13.526005	0.086806059
20151004	1	0.1	12.306702	0.12484211
20151004	1	0.1	14.14307	0.11697882
20151004	1	0.1	12.318655	0.09608984
20151004	1	0.1	12.41091	0.12564182
20151004	1	0.1	12.393107	0.058483005
20151004	1	0.1	13.610078	0.06865114
20151004	1	0.1	12.052928	0.080668807
20151004	1	0.1	13.353518	0.13633317
20151004	1	0.1	14.48751	0.091099143
20151004	1	0.1	15.321959	0.13163704
20151004	1	0.1	13.072242	0.081188798
20151004	1	0.1	14.251925	0.09844178
20151004	1	0.1	12.619658	0.07614994
20151004	1	0.1	15.321959	0.10061598
20151004	1	0.1	16.43433	0.019081533
20151004	1	0.1	13.167601	0.13026774
20151004	1	0.1	14.354828	0.092439413
20151004	1	0.1	12.996018	0.10593361
20151004	1	0.1	15.398618	0.10949183
20151004	1	0.1	13.583014	0.080299079
20151004	1	0.1	13.650571	0.093758166
20151004	1	0.1	14.636596	0.10297984
20151004	1	0.1	12.913647	0.10978669
20151004	1	0.1	12.622574	0.11492419
20151004	1	0.1	11.84351	0.109689
20151004	1	0.1	15.701509	0.07691431
20151004	1	0.1	14.400895	0.14113814
20151004	1	0.1	13.178774	0.076183438
20151004	1	0.1	13.072242	0.089496017
20151004	1	0.1	14.996698	0.13193262
20151004	1	0.1	12.640053	0.095751703
20151004	1	0.1	18.161634	0.044458747
20151004	1	0.1	13.262272	0.094355106
20151004	1	0.1	13.672119	0.15091181
20151004	1	0.1	13.728521	0.094300389
20151004	1	0.1	12.434605	0.079452336
20151004	1	0.1	15.326762	0.13455933
20151004	1	0.1	8.2372913	0.0081623793
20151004	1	0.1	14.408558	0.089746594
20151004	1	0.1	13.206664	0.07503736
20151004	1	0.1	15.211087	0.078983307
20151004	1	0.1	16.38949	0.14627635
20151004	1	0.1	11.4582	0.060808837
20151004	1	0.1	15.557898	0.15788752
20151004	1	0.1	12.590466	0.066958606
20151004	1	0.1	13.276137	0.10980272
20151004	1	0.1	12.378252	0.11258692
20151004	1	0.1	12.663321	0.071337283
20151004	1	0.1	12.046821	0.083362877
20151004	1	0.1	15.527121	0.10130203
20151004	1	0.1	13.21502	0.097673118
20151004	1	0.1	13.840636	0.082100928
20151004	1	0.1	13.142426	0.085842192
20151004	1	0.1	11.871439	0.075468838
20151004	1	0.1	12.779022	0.11677212
20151004	1	0.1	13.150822	0.066669106
20151004	1	0.1	13.331455	0.085592687
20151004	1	0.1	12.393107	0.097434998
20151004	1	0.1	11.059474	0.065259993
20151004	1	0.1	13.303825	0.12135422
20151004	1	0.1	12.049874	0.079354346
20151004	1	0.1	12.732867	0.094673634
20151004	1	0.1	12.452348	0.10766619
20151004	1	0.1	14.017631	0.12024909
20151004	1	0.1	15.186877	0.12131655
20151004	1	0.1	13.835319	0.096273184
20151004	1	0.1	12.916496	0.1141715
20151004	1	0.1	13.248392	0.087051332
20151004	1	0.1	12.475965	0.096049905
20151004	1	0.1	13.083497	0.085109711
20151004	1	0.1	12.02848	0.097160757
20151004	1	0.1	15.013864	0.10394782
20151004	1	0.1	16.186167	0.11240458
20151004	1	0.1	13.885759	0.14043176
20151004	1	0.1	13.859234	0.1406619
20151004	1	0.1	14.474804	0.072526872
20151004	1	0.1	13.577595	0.087825716
20151004	1	0.1	11.696574	0.085936248
20151004	1	0.1	14.495128	0.1255182
20151004	1	0.1	9.919384	0.015561342
20151004	1	0.1	13.072242	0.0981282
20151004	1	0.1	14.477346	0.089010119
20151004	1	0.1	15.687441	0.085728288
20151004	1	0.1	13.427712	0.067445934
20151004	1	0.1	13.983463	0.089295506
20151004	1	0.1	14.994245	0.13279694
20151004	1	0.1	14.028127	0.10367948
20151004	1	0.1	15.486781	0.10522795
20151004	1	0.1	12.046821	0.13471442
20151004	1	0.1	13.237277	0.10389757
20151004	1	0.1	14.357391	0.094256103
20151004	1	0.1	10.989382	0.07259798
20151004	1	0.1	13.476949	0.071454227
20151004	1	0.1	15.203828	0.1143676
20151004	1	0.1	12.402012	0.12657487
20151004	1	0.1	15.605128	0.10032558
20151004	1	0.1	8.8572235	0.012295067
20151004	1	0.1	14.866086	0.10120326
20151004	1	0.1	15.324362	0.071736991
20151004	1	0.1	11.665072	0.071641207
20151004	1	0.1	14.469719	0.095067024
