Date IfLatB Conc DiameterA_um Def
20151001	1	0.05	14.111815	0.082744956
20151001	1	0.05	13.784693	0.064954519
20151001	1	0.05	15.694477	0.12372208
20151001	1	0.05	14.077876	0.10165322
20151001	1	0.05	14.18723	0.091996253
20151001	1	0.05	14.18723	0.091996253
20151001	1	0.05	14.083103	0.097884476
20151001	1	0.05	12.879409	0.11501247
20151001	1	0.05	13.504224	0.069148779
20151001	1	0.05	14.40345	0.13016135
20151001	1	0.05	15.562628	0.088822365
20151001	1	0.05	13.046885	0.086114943
20151001	1	0.05	14.059567	0.13871169
20151001	1	0.05	15.685096	0.089283764
20151001	1	0.05	15.254568	0.17186219
20151001	1	0.05	13.704378	0.078774869
20151001	1	0.05	12.885122	0.085339189
20151001	1	0.05	10.868172	0.046389282
20151001	1	0.05	14.520491	0.093737245
20151001	1	0.05	17.056204	0.14362019
20151001	1	0.05	11.221321	0.054550171
20151001	1	0.05	12.531878	0.087397218
20151001	1	0.05	14.631567	0.087270498
20151001	1	0.05	13.422231	0.079189301
20151001	1	0.05	14.563507	0.12092823
20151001	1	0.05	14.517957	0.076403856
20151001	1	0.05	13.350761	0.068949997
20151001	1	0.05	13.938657	0.077433169
20151001	1	0.05	13.203878	0.10132396
20151001	1	0.05	14.940158	0.091005683
20151001	1	0.05	14.482429	0.10220474
20151001	1	0.05	15.904087	0.087151587
20151001	1	0.05	13.739239	0.075482726
20151001	1	0.05	15.145631	0.094487071
20151001	1	0.05	14.868561	0.093662858
20151001	1	0.05	14.972142	0.081896484
20151001	1	0.05	14.145672	0.10709941
20151001	1	0.05	12.339547	0.077128887
20151001	1	0.05	13.080684	0.07276088
20151001	1	0.05	12.366356	0.061903656
20151001	1	0.05	14.449361	0.10641438
20151001	1	0.05	14.174257	0.082347333
20151001	1	0.05	14.215733	0.090344608
20151001	1	0.05	14.37276	0.10218245
20151001	1	0.05	14.318896	0.095284164
20151001	1	0.05	14.251925	0.10593766
20151001	1	0.05	14.462089	0.11056763
20151001	1	0.05	13.774012	0.073333085
20151001	1	0.05	15.593335	0.16089332
20151001	1	0.05	13.223372	0.078501403
20151001	1	0.05	13.837977	0.11135375
20151001	1	0.05	14.664224	0.10377866
20151001	1	0.05	14.257088	0.084544241
20151001	1	0.05	13.080684	0.091385782
20151001	1	0.05	15.654569	0.088938355
20151001	1	0.05	15.281078	0.1048125
20151001	1	0.05	13.720478	0.10097027
20151001	1	0.05	14.588751	0.10120821
20151001	1	0.05	14.828912	0.098943412
20151001	1	0.05	12.543618	0.054851353
20151001	1	0.05	12.464163	0.069480538
20151001	1	0.05	13.265046	0.090894699
20151001	1	0.05	12.258768	0.0597651
20151001	1	0.05	16.165693	0.093225241
20151001	1	0.05	15.152918	0.10172725
20151001	1	0.05	15.186877	0.094508231
20151001	1	0.05	12.09255	0.061144173
20151001	1	0.05	13.433191	0.08993721
20151001	1	0.05	14.313756	0.086189687
20151001	1	0.05	13.912233	0.12684029
20151001	1	0.05	11.096013	0.093440294
20151001	1	0.05	13.262272	0.089208424
20151001	1	0.05	12.645874	0.086571515
20151001	1	0.05	14.14307	0.093424559
20151001	1	0.05	16.049185	0.11175442
20151001	1	0.05	12.303711	0.07284534
20151001	1	0.05	13.136825	0.084931254
20151001	1	0.05	13.999244	0.067640305
20151001	1	0.05	14.13266	0.08662504
20151001	1	0.05	13.389293	0.1046474
20151001	1	0.05	13.259497	0.087514937
20151001	1	0.05	14.82643	0.10587174
20151001	1	0.05	14.950006	0.094561696
20151001	1	0.05	13.433191	0.12046123
20151001	1	0.05	15.106709	0.091609001
20151001	1	0.05	13.845953	0.071775496
20151001	1	0.05	12.464163	0.071228504
20151001	1	0.05	13.620888	0.10134155
20151001	1	0.05	12.6546	0.063205063
20151001	1	0.05	8.4794226	0.070442915
20151001	1	0.05	13.26782	0.10350072
20151001	1	0.05	14.398339	0.096907318
20151001	1	0.05	13.403027	0.10168964
20151001	1	0.05	12.770381	0.080367863
20151001	1	0.05	14.411112	0.06804812
20151001	1	0.05	12.546552	0.072851896
20151001	1	0.05	12.706832	0.087163806
20151001	1	0.05	12.153256	0.066511333
20151001	1	0.05	14.48751	0.084381938
20151001	1	0.05	16.758038	0.14929503
20151001	1	0.05	13.904297	0.10755438
20151001	1	0.05	16.129232	0.097673714
20151001	1	0.05	15.25698	0.099856257
20151001	1	0.05	13.184357	0.084195614
20151001	1	0.05	14.701816	0.087383807
20151001	1	0.05	13.007339	0.079387188
20151001	1	0.05	16.832527	0.14365399
20151001	1	0.05	13.577595	0.11557585
20151001	1	0.05	16.08354	0.10454684
20151001	1	0.05	12.950638	0.067185521
20151001	1	0.05	14.726822	0.082666457
20151001	1	0.05	12.162336	0.1640411
20151001	1	0.05	17.568439	0.13508773
20151001	1	0.05	12.357426	0.077819526
20151001	1	0.05	14.14307	0.071348131
20151001	1	0.05	15.177182	0.10854304
20151001	1	0.05	14.215733	0.10607648
20151001	1	0.05	12.651691	0.092066884
20151001	1	0.05	12.715516	0.10813761
20151001	1	0.05	13.449617	0.067851186
20151001	1	0.05	15.223178	0.084515274
20151001	1	0.05	12.89654	0.10389405
20151001	1	0.05	13.647875	0.09237963
20151001	1	0.05	13.71243	0.074373245
20151001	1	0.05	14.280297	0.081384063
20151001	1	0.05	12.478914	0.066882312
20151001	1	0.05	15.73896	0.14944589
20151001	1	0.05	11.4582	0.093503833
20151001	1	0.05	14.033372	0.090853631
20151001	1	0.05	13.677501	0.058877885
20151001	1	0.05	12.390138	0.093724608
20151001	1	0.05	15.126183	0.091299534
20151001	1	0.05	15.616915	0.075672626
20151001	1	0.05	14.563507	0.084522367
20151001	1	0.05	13.128419	0.07042259
20151001	1	0.05	15.07257	0.089115024
20151001	1	0.05	12.85367	0.082410991
20151001	1	0.05	13.342491	0.099876583
20151001	1	0.05	13.610078	0.063905299
20151001	1	0.05	17.49498	0.12094569
20151001	1	0.05	14.603877	0.11937362
20151001	1	0.05	12.540685	0.071929932
20151001	1	0.05	12.446437	0.09620595
20151001	1	0.05	13.623589	0.11547363
20151001	1	0.05	13.56675	0.096734345
20151001	1	0.05	15.165055	0.0745489
20151001	1	0.05	15.652218	0.089580178
20151001	1	0.05	15.717905	0.10233158
20151001	1	0.05	13.949213	0.099848866
20151001	1	0.05	15.482028	0.10207999
20151001	1	0.05	13.922809	0.089588225
20151001	1	0.05	15.576808	0.10224676
20151001	1	0.05	16.711863	0.09705317
20151001	1	0.05	15.748309	0.097987533
20151001	1	0.05	16.051479	0.1231733
20151001	1	0.05	12.964836	0.078469753
20151001	1	0.05	15.455862	0.14051074
20151001	1	0.05	14.786668	0.10457802
20151001	1	0.05	12.842215	0.081540585
20151001	1	0.05	17.910694	0.10401195
20151001	1	0.05	13.192726	0.095033586
20151001	1	0.05	15.326762	0.10678953
20151001	1	0.05	16.122387	0.1034674
20151001	1	0.05	11.715434	0.056017876
20151001	1	0.05	17.551676	0.16094482
20151001	1	0.05	17.17445	0.098070025
20151001	1	0.05	13.419489	0.067259014
20151001	1	0.05	15.276262	0.091282427
20151001	1	0.05	14.377879	0.15537703
20151001	1	0.05	14.950006	0.085821331
20151001	1	0.05	12.288749	0.072734535
20151001	1	0.05	12.839349	0.10397273
20151001	1	0.05	15.4511	0.098327935
20151001	1	0.05	14.197602	0.091935933
20151001	1	0.05	13.906943	0.078606367
20151001	1	0.05	14.626536	0.072184265
20151001	1	0.05	13.699007	0.10488605
20151001	1	0.05	13.128419	0.11756188
20151001	1	0.05	12.055981	0.078567326
20151001	1	0.05	14.950006	0.11167985
20151001	1	0.05	14.656694	0.07859838
20151001	1	0.05	14.596316	0.092280924
20151001	1	0.05	12.735757	0.077210546
20151001	1	0.05	13.122812	0.087659478
20151001	1	0.05	13.273366	0.091141462
20151001	1	0.05	14.885875	0.079267681
20151001	1	0.05	16.238369	0.11004448
20151001	1	0.05	10.322937	0.011630893
20151001	1	0.05	14.731818	0.08356005
20151001	1	0.05	13.091931	0.072550178
20151001	1	0.05	14.007127	0.090976179
20151001	1	0.05	13.289989	0.10154039
20151001	1	0.05	13.980832	0.16100985
20151001	1	0.05	13.032775	0.076962173
20151001	1	0.05	14.578659	0.070334554
20151001	1	0.05	13.024302	0.057785928
20151001	1	0.05	13.637086	0.10307801
20151001	1	0.05	13.856579	0.096766233
20151001	1	0.05	13.941297	0.071365595
20151001	1	0.05	13.195516	0.096389592
20151001	1	0.05	13.212235	0.097581983
20151001	1	0.05	14.367639	0.10261327
20151001	1	0.05	13.00168	0.1163584
20151001	1	0.05	12.07428	0.094682395
20151001	1	0.05	13.181565	0.018155813
20151001	1	0.05	13.88841	0.079875648
20151001	1	0.05	12.950638	0.078454435
20151001	1	0.05	14.236425	0.093517303
20151001	1	0.05	14.895759	0.095576584
20151001	1	0.05	14.148273	0.098658681
20151001	1	0.05	12.484811	0.098293543
20151001	1	0.05	13.153621	0.066154718
20151001	1	0.05	16.537004	0.12649781
20151001	1	0.05	12.384196	0.05911833
20151001	1	0.05	13.542317	0.099570751
20151001	1	0.05	11.022815	0.010015368
20151001	1	0.05	14.48751	0.092481554
20151001	1	0.05	15.240088	0.10968524
20151001	1	0.05	13.359027	0.078760147
20151001	1	0.05	14.563507	0.10444385
20151001	1	0.05	14.439172	0.0851717
20151001	1	0.05	12.60799	0.095102191
20151001	1	0.05	14.269986	0.093895853
20151001	1	0.05	12.887978	0.072801292
20151001	1	0.05	15.089649	0.07521373
20151001	1	0.05	13.00168	0.095359325
20151001	1	0.05	14.334307	0.19098115
20151001	1	0.05	16.917568	0.10642588
20151001	1	0.05	14.558453	0.10684335
20151001	1	0.05	14.646648	0.10942
20151001	1	0.05	12.174432	0.069072485
20151001	1	0.05	13.509672	0.088587046
20151001	1	0.05	16.019352	0.12546211
20151001	1	0.05	13.95185	0.089366019
20151001	1	0.05	13.422231	0.14630836
20151001	1	0.05	17.641594	0.15235603
20151001	1	0.05	12.279762	0.081057668
20151001	1	0.05	15.467762	0.095856071
20151001	1	0.05	15.52238	0.12115777
20151001	1	0.05	12.738646	0.07455796
20151001	1	0.05	14.853704	0.11565977
20151001	1	0.05	13.209451	0.088593245
20151001	1	0.05	12.378252	0.061685681
20151001	1	0.05	14.439172	0.075268328
20151001	1	0.05	14.898229	0.11045122
20151001	1	0.05	13.145225	0.090944231
20151001	1	0.05	15.186877	0.12823784
20151001	1	0.05	15.138341	0.093434334
20151001	1	0.05	14.789156	0.089232385
20151001	1	0.05	14.893289	0.10780799
20151001	1	0.05	16.342274	0.12357694
20151001	1	0.05	12.642963	0.07178992
20151001	1	0.05	14.408558	0.10521626
20151001	1	0.05	12.619658	0.072569549
20151001	1	0.05	13.925451	0.085056186
20151001	1	0.05	13.231716	0.066588402
20151001	1	0.05	15.109144	0.084894836
20151001	1	0.05	14.192417	0.10350406
20151001	1	0.05	13.032775	0.081521034
20151001	1	0.05	13.359027	0.094730258
20151001	1	0.05	14.119636	0.10587823
20151001	1	0.05	16.429852	0.09896934
20151001	1	0.05	13.653266	0.12204421
20151001	1	0.05	15.29552	0.097317278
20151001	1	0.05	14.459543	0.14314616
20151001	1	0.05	13.231716	0.071156859
20151001	1	0.05	17.492876	0.15154493
20151001	1	0.05	13.345248	0.084970057
20151001	1	0.05	15.228011	0.12279153
20151001	1	0.05	14.459543	0.08270961
20151001	1	0.05	12.956319	0.095656395
20151001	1	0.05	14.94262	0.10151839
20151001	1	0.05	14.666733	0.09116447
20151001	1	0.05	14.851227	0.095352709
20151001	1	0.05	13.760648	0.095804214
20151001	1	0.05	12.508367	0.056566179
20151001	1	0.05	15.934136	0.090757966
20151001	1	0.05	12.953479	0.10769951
20151001	1	0.05	15.417723	0.091236889
20151001	1	0.05	13.875155	0.090335071
20151001	1	0.05	16.36927	0.087525368
20151001	1	0.05	14.344571	0.083693326
20151001	1	0.05	13.449617	0.10196525
20151001	1	0.05	17.189442	0.17627686
20151001	1	0.05	13.851267	0.11621863
20151001	1	0.05	15.899459	0.080661952
20151001	1	0.05	17.099297	0.14073664
20151001	1	0.05	12.663321	0.09973979
20151001	1	0.05	13.334215	0.071676075
20151001	1	0.05	13.925451	0.12132967
20151001	1	0.05	13.768667	0.10006446
20151001	1	0.05	14.111815	0.097039342
20151001	1	0.05	13.520563	0.090945721
20151001	1	0.05	14.900699	0.10227722
20151001	1	0.05	12.528942	0.079564452
20151001	1	0.05	15.15049	0.098248839
20151001	1	0.05	13.816689	0.12117201
20151001	1	0.05	14.794131	0.10897064
20151001	1	0.05	12.122942	0.082249641
20151001	1	0.05	15.878616	0.11478603
20151001	1	0.05	12.378252	0.078518689
20151001	1	0.05	14.395783	0.090309918
20151001	1	0.05	13.498773	0.090350091
20151001	1	0.05	13.195516	0.084626079
20151001	1	0.05	14.313756	0.10446501
20151001	1	0.05	13.027126	0.050460815
20151001	1	0.05	14.117029	0.090692461
20151001	1	0.05	13.991356	0.10352629
20151001	1	0.05	13.803366	0.12466872
20151001	1	0.05	16.046892	0.082719922
20151001	1	0.05	13.289989	0.09265554
20151001	1	0.05	14.385555	0.098820806
20151001	1	0.05	15.982558	0.090581417
20151001	1	0.05	14.324035	0.053607762
20151001	1	0.05	12.543618	0.064789414
20151001	1	0.05	13.620888	0.104375
20151001	1	0.05	13.906943	0.06931144
20151001	1	0.05	13.523284	0.097773671
20151001	1	0.05	14.009753	0.12184298
20151001	1	0.05	14.871036	0.064261019
20151001	1	0.05	12.02236	0.079862654
20151001	1	0.05	13.289989	0.080574632
20151001	1	0.05	13.134023	0.11258858
20151001	1	0.05	15.626336	0.08354038
20151001	1	0.05	16.1998	0.091365159
20151001	1	0.05	13.091931	0.087584317
20151001	1	0.05	12.677841	0.078959584
20151001	1	0.05	13.553182	0.096889198
20151001	1	0.05	13.482409	0.10162055
20151001	1	0.05	14.799105	0.078245282
20151001	1	0.05	15.446337	0.098501861
20151001	1	0.05	13.114397	0.10991269
20151001	1	0.05	14.277719	0.074633181
20151001	1	0.05	12.555346	0.079487562
20151001	1	0.05	12.936422	0.078450739
20151001	1	0.05	13.424972	0.072437227
20151001	1	0.05	13.498773	0.090314448
20151001	1	0.05	12.692345	0.12569666
20151001	1	0.05	12.437564	0.078349948
20151001	1	0.05	15.208668	0.09205991
20151001	1	0.05	14.37276	0.10742468
20151001	1	0.05	13.367288	0.094015241
20151001	1	0.05	12.767499	0.12312162
20151001	1	0.05	13.201092	0.16356337
20151001	1	0.05	14.007127	0.093167901
20151001	1	0.05	15.160201	0.10131359
20151001	1	0.05	14.646648	0.095790982
20151001	1	0.05	12.706832	0.092214942
20151001	1	0.05	13.642482	0.10761678
20151001	1	0.05	15.099401	0.088099658
20151001	1	0.05	12.189535	0.072813928
20151001	1	0.05	12.845079	0.10351378
20151001	1	0.05	14.342006	0.1024006
20151001	1	0.05	14.56856	0.079861104
20151001	1	0.05	15.22076	0.11109829
20151001	1	0.05	13.170395	0.11990845
20151001	1	0.05	14.354828	0.092486501
20151001	1	0.05	13.696321	0.085743368
20151001	1	0.05	14.09094	0.094558895
20151001	1	0.05	14.925373	0.09805578
20151001	1	0.05	12.327614	0.082360744
20151001	1	0.05	14.145672	0.014275849
20151001	1	0.05	13.012996	0.094118655
20151001	1	0.05	11.834186	0.089641631
20151001	1	0.05	15.177182	0.092109561
20151001	1	0.05	12.366356	0.047754347
20151001	1	0.05	13.234497	0.088520706
20151001	1	0.05	14.606397	0.064314485
20151001	1	0.05	12.481863	0.061017394
20151001	1	0.05	14.618987	0.11880052
20151001	1	0.05	12.318655	0.087531149
20151001	1	0.05	15.76699	0.13051933
20151001	1	0.05	14.890818	0.10509247
20151001	1	0.05	16.292662	0.12009734
20151001	1	0.05	12.555346	0.087555349
20151001	1	0.05	13.381045	0.096480608
20151001	1	0.05	12.449393	0.077653408
20151001	1	0.05	15.293114	0.08115238
20151001	1	0.05	16.70085	0.1030907
20151001	1	0.05	14.868561	0.10368383
20151001	1	0.05	14.77422	0.081635535
20151001	1	0.05	13.666735	0.092275321
20151001	1	0.05	15.52949	0.10700512
20151001	1	0.05	15.336363	0.10236233
20151001	1	0.05	12.261769	0.091513813
20151001	1	0.05	15.920275	0.10500258
20151001	1	0.05	12.101676	0.087137461
20151001	1	0.05	12.470065	0.11398882
20151001	1	0.05	12.839349	0.085535288
20151001	1	0.05	17.547483	0.1439755
20151001	1	0.05	14.277719	0.10995156
20151001	1	0.05	14.127452	0.073099852
20151001	1	0.05	13.487865	0.086981595
20151001	1	0.05	17.281244	0.12162364
20151001	1	0.05	13.996614	0.078281999
20151001	1	0.05	13.184357	0.07365042
20151001	1	0.05	15.453482	0.095453978
20151001	1	0.05	12.375279	0.081141829
20151001	1	0.05	13.487865	0.090243757
20151001	1	0.05	12.830748	0.067414463
20151001	1	0.05	14.249343	0.098562062
20151001	1	0.05	14.367639	0.095089734
20151001	1	0.05	13.880459	0.077133298
20151001	1	0.05	13.709746	0.070217013
20151001	1	0.05	12.973348	0.077396035
20151001	1	0.05	12.703936	0.090762436
20151001	1	0.05	13.68557	0.088458776
20151001	1	0.05	11.237705	0.024025977
20151001	1	0.05	13.542317	0.095925868
20151001	1	0.05	13.637086	0.10033989
20151001	1	0.05	12.651691	0.093765795
20151001	1	0.05	14.674258	0.11247987
20151001	1	0.05	14.446815	0.087151051
20151001	1	0.05	13.851267	0.076303065
20151001	1	0.05	8.2328234	0.070709646
20151001	1	0.05	13.983463	0.081437051
20151001	1	0.05	14.426424	0.070093572
20151001	1	0.05	12.496594	0.066926062
20151001	1	0.05	13.864543	0.075426459
20151001	1	0.05	13.069427	0.050007403
20151001	1	0.05	14.883403	0.086432457
20151001	1	0.05	15.790311	0.09898454
20151001	1	0.05	14.550868	0.073857129
20151001	1	0.05	14.875983	0.08122462
20151001	1	0.05	11.834186	0.05489558
20151001	1	0.05	13.314884	0.093972385
20151001	1	0.05	12.637141	0.11195356
20151001	1	0.05	14.714324	0.11066145
20151001	1	0.05	16.722868	0.1311723
20151001	1	0.05	11.994782	0.065335155
20151001	1	0.05	14.482429	0.084800065
20151001	1	0.05	12.950638	0.077097058
20151001	1	0.05	13.323172	0.098684788
20151001	1	0.05	13.925451	0.083401978
20151001	1	0.05	16.117821	0.10040063
20151001	1	0.05	14.910573	0.079148352
20151001	1	0.05	11.712293	0.098234117
20151001	1	0.05	13.248392	0.10328728
20151001	1	0.05	15.675709	0.10391748
20151001	1	0.05	15.004057	0.12164116
20151001	1	0.05	14.007127	0.1055572
20151001	1	0.05	15.12375	0.090315282
20151001	1	0.05	12.279762	0.10914892
20151001	1	0.05	18.102781	0.13485378
20151001	1	0.05	12.845079	0.10109967
20151001	1	0.05	13.752624	0.083424926
20151001	1	0.05	14.621504	0.11351752
20151001	1	0.05	14.197602	0.06123966
20151001	1	0.05	14.124846	0.076465309
20151001	1	0.05	13.276137	0.11739427
20151001	1	0.05	14.917974	0.098752201
20151001	1	0.05	15.016315	0.12589109
20151001	1	0.05	13.798034	0.10679674
20151001	1	0.05	14.606397	0.093575954
20151001	1	0.05	13.28445	0.080451667
20151001	1	0.05	13.880459	0.11608255
20151001	1	0.05	11.954835	0.046560168
20151001	1	0.05	14.999151	0.076920986
20151001	1	0.05	13.032775	0.11642712
20151001	1	0.05	12.902245	0.080360353
20151001	1	0.05	13.784693	0.076713622
20151001	1	0.05	13.593846	0.074125886
20151001	1	0.05	14.751787	0.10207349
20151001	1	0.05	13.938657	0.11057067
20151001	1	0.05	13.957124	0.089818835
20151001	1	0.05	15.155347	0.11429304
20151001	1	0.05	15.211087	0.098268688
20151001	1	0.05	13.228935	0.082504511
20151001	1	0.05	13.455088	0.074532449
20151001	1	0.05	13.877807	0.10705405
20151001	1	0.05	12.677841	0.092847228
20151001	1	0.05	14.922907	0.08480382
20151001	1	0.05	14.704318	0.098255992
20151001	1	0.05	13.035598	0.064043403
20151001	1	0.05	17.526501	0.16468841
20151001	1	0.05	13.827337	0.10281098
20151001	1	0.05	14.472262	0.077549696
20151001	1	0.05	13.31212	0.087774932
20151001	1	0.05	12.82501	0.062557518
20151001	1	0.05	14.269986	0.097865164
20151001	1	0.05	12.207634	0.084206581
20151001	1	0.05	14.119636	0.07915467
20151001	1	0.05	15.317156	0.082100689
20151001	1	0.05	13.041243	0.088929355
20151001	1	0.05	14.067417	0.1036883
20151001	1	0.05	13.359027	0.095433772
20151001	1	0.05	14.439172	0.11451286
20151001	1	0.05	13.328694	0.095411956
20151001	1	0.05	12.404978	0.1143977
20151001	1	0.05	14.017631	0.098745108
20151001	1	0.05	14.915508	0.081989229
20151001	1	0.05	13.323172	0.072736919
20151001	1	0.05	15.945679	0.1070863
20151001	1	0.05	12.692345	0.069630086
20151001	1	0.05	14.766746	0.11122942
20151001	1	0.05	12.689445	0.079645991
20151001	1	0.05	13.386544	0.095703304
20151001	1	0.05	13.007339	0.073234499
20151001	1	0.05	14.049096	0.098964274
20151001	1	0.05	13.080684	0.08225143
20151001	1	0.05	12.703936	0.090624571
20151001	1	0.05	13.007339	0.10015661
20151001	1	0.05	15.155347	0.121409
20151001	1	0.05	13.701693	0.10109949
20151001	1	0.05	14.070033	0.072230995
20151001	1	0.05	14.446815	0.071357489
20151001	1	0.05	12.21366	0.082005203
20151001	1	0.05	13.980832	0.080782533
20151001	1	0.05	14.220908	0.11240059
20151001	1	0.05	10.280073	0.030934751
20151001	1	0.05	13.035598	0.096140623
20151001	1	0.05	12.735757	0.089725137
20151001	1	0.05	15.806615	0.10094035
20151001	1	0.05	17.370443	0.14545363
20151001	1	0.05	15.998666	0.088932753
20151001	1	0.05	13.637086	0.08027488
20151001	1	0.05	11.979433	0.065501809
20151001	1	0.05	12.043765	0.057257295
20151001	1	0.05	13.768667	0.071764886
20151001	1	0.05	13.471487	0.091593087
20151001	1	0.05	12.709727	0.10391718
20151001	1	0.05	15.25698	0.12162381
20151001	1	0.05	13.715114	0.11269265
20151001	1	0.05	13.295525	0.1039874
20151001	1	0.05	14.586228	0.080846131
20151001	1	0.05	13.68019	0.092091382
20151001	1	0.05	12.189535	0.080037832
20151001	1	0.05	13.845953	0.11800712
20151001	1	0.05	14.277719	0.09147048
20151001	1	0.05	14.23384	0.07704258
20151001	1	0.05	12.706832	0.070874155
20151001	1	0.05	15.752981	0.090879083
20151001	1	0.05	15.659268	0.10332716
20151001	1	0.05	15.901773	0.10913521
20151001	1	0.05	13.561324	0.091273665
20151001	1	0.05	15.174758	0.10156703
20151001	1	0.05	14.207965	0.083572984
20151001	1	0.05	12.360403	0.067938626
20151001	1	0.05	13.760648	0.097316384
20151001	1	0.05	13.381045	0.090061903
20151001	1	0.05	13.851267	0.092101753
20151001	1	0.05	15.434421	0.088972509
20151001	1	0.05	13.806031	0.12095934
20151001	1	0.05	14.298324	0.06619662
20151001	1	0.05	14.581183	0.098598778
20151001	1	0.05	15.790311	0.084683955
20151001	1	0.05	13.345248	0.077610016
20151001	1	0.05	15.443954	0.098277688
20151001	1	0.05	12.867976	0.088839829
20151001	1	0.05	15.213506	0.093158603
20151001	1	0.05	15.016315	0.10037285
20151001	1	0.05	14.576135	0.09722352
20151001	1	0.05	15.607487	0.10986406
20151001	1	0.05	13.134023	0.082456887
20151001	1	0.05	12.059032	0.091280997
20151001	1	0.05	14.130055	0.075086236
20151001	1	0.05	14.169064	0.10785174
20151001	1	0.05	12.99885	0.10292894
20151001	1	0.05	12.264771	0.10219139
20151001	1	0.05	12.393107	0.076549649
20151001	1	0.05	15.743635	0.11341858
20151001	1	0.05	13.383795	0.071382821
20151001	1	0.05	13.430452	0.12923044
20151001	1	0.05	13.996614	0.07798022
20151001	1	0.05	13.083497	0.077262521
20151001	1	0.05	12.467114	0.05988133
20151001	1	0.05	15.694477	0.1014148
20151001	1	0.05	14.806562	0.093324661
20151001	1	0.05	16.358027	0.1108222
20151001	1	0.05	14.009753	0.070826411
20151001	1	0.05	13.31212	0.14067674
20151001	1	0.05	12.593389	0.091057658
20151001	1	0.05	12.110794	0.046825945
20151001	1	0.05	14.48751	0.085417926
20151001	1	0.05	14.644135	0.10820997
20151001	1	0.05	12.807784	0.082029045
20151001	1	0.05	14.269986	0.097013175
20151001	1	0.05	12.850807	0.088981688
20151001	1	0.05	14.796618	0.1251148
20151001	1	0.05	15.379489	0.10190493
20151001	1	0.05	14.075262	0.10675389
20151001	1	0.05	13.949213	0.1204434
20151001	1	0.05	12.930733	0.075765848
20151001	1	0.05	12.645874	0.091036797
20151001	1	0.05	13.091931	0.079758346
20151001	1	0.05	16.70085	0.13424039
20151001	1	0.05	16.108686	0.13219696
20151001	1	0.05	14.490049	0.093533814
20151001	1	0.05	13.231716	0.066478074
20151001	1	0.05	15.104273	0.110228
20151001	1	0.05	13.234497	0.10047847
20151001	1	0.05	14.979513	0.088595271
20151001	1	0.05	13.607373	0.089632034
20151001	1	0.05	13.117203	0.08103627
20151001	1	0.05	15.128614	0.091140866
20151001	1	0.05	13.832659	0.061353147
20151001	1	0.05	13.139626	0.092137814
20151001	1	0.05	15.929517	0.1036492
20151001	1	0.05	14.393228	0.081987202
20151001	1	0.05	16.154306	0.12679744
20151001	1	0.05	12.034595	0.1017406
20151001	1	0.05	13.938657	0.084390819
20151001	1	0.05	13.00168	0.082939982
20151001	1	0.05	13.835319	0.084183753
20151001	1	0.05	15.626336	0.089229763
20151001	1	0.05	13.536882	0.091115355
20151001	1	0.05	15.685096	0.1130572
20151001	1	0.05	13.086308	0.15323436
20151001	1	0.05	12.372306	0.075803697
20151001	1	0.05	14.996698	0.14223933
20151001	1	0.05	13.526005	0.076010168
20151001	1	0.05	15.106709	0.09359777
20151001	1	0.05	14.729321	0.069846869
20151001	1	0.05	14.251925	0.093067169
20151001	1	0.05	14.122241	0.094318509
20151001	1	0.05	13.536882	0.10699463
20151001	1	0.05	12.701039	0.068621635
20151001	1	0.05	14.293176	0.1002785
20151001	1	0.05	11.796814	0.074789286
20151001	1	0.05	13.468755	0.097209334
20151001	1	0.05	13.877807	0.097091973
20151001	1	0.05	14.382998	0.096337199
20151001	1	0.05	15.11158	0.10617864
20151001	1	0.05	21.731264	0.18098247
20151001	1	0.05	15.961824	0.086368263
20151001	1	0.05	13.189938	0.087826908
20151001	1	0.05	14.028127	0.10418689
20151001	1	0.05	11.821741	0.10713863
20151001	1	0.05	12.505424	0.09904778
20151001	1	0.05	12.922193	0.091822982
20151001	1	0.05	14.059567	0.1089443
20151001	1	0.05	14.339439	0.095604658
20151001	1	0.05	16.753645	0.12786764
20151001	1	0.05	15.815924	0.09316802
20151001	1	0.05	13.422231	0.083930314
20151001	1	0.05	15.659268	0.12582517
20151001	1	0.05	14.651672	0.097939968
20151001	1	0.05	13.378295	0.096964419
20151001	1	0.05	11.997849	0.080821693
20151001	1	0.05	13.954488	0.088976145
20151001	1	0.05	15.326762	0.086084843
20151001	1	0.05	15.333963	0.1023972
20151001	1	0.05	16.074387	0.097432494
20151001	1	0.05	16.92844	0.1173867
20151001	1	0.05	13.131221	0.089172065
20151001	1	0.05	13.983463	0.10047448
20151001	1	0.05	12.321642	0.067652166
20151001	1	0.05	14.077876	0.097709358
20151001	1	0.05	12.517189	0.090041161
20151001	1	0.05	12.520128	0.079758406
20151001	1	0.05	13.43593	0.089687467
20151001	1	0.05	11.902394	0.060187399
20151001	1	0.05	12.698141	0.076750636
20151001	1	0.05	15.412949	0.10231125
20151001	1	0.05	12.059032	0.063163817
20151001	1	0.05	13.824676	0.091660917
20151001	1	0.05	12.526005	0.10234344
20151001	1	0.05	16.583666	0.10500115
20151001	1	0.05	16.865286	0.10031658
20151001	1	0.05	14.449361	0.094828725
20151001	1	0.05	14.749292	0.095017076
20151001	1	0.05	13.864543	0.087418675
20151001	1	0.05	15.184454	0.095013261
20151001	1	0.05	12.41091	0.091098666
20151001	1	0.05	15.717905	0.10398787
20151001	1	0.05	11.636648	0.075363874
20151001	1	0.05	15.369916	0.088984847
20151001	1	0.05	13.367288	0.10544449
20151001	1	0.05	12.744422	0.10408854
20151001	1	0.05	13.896356	0.077485502
20151001	1	0.05	13.01865	0.105349
20151001	1	0.05	13.273366	0.066509724
20151001	1	0.05	13.542317	0.078991175
20151001	1	0.05	12.270769	0.077312112
20151001	1	0.05	14.871036	0.12526077
20151001	1	0.05	14.606397	0.088184178
20151001	1	0.05	13.139626	0.086089969
20151001	1	0.05	12.885122	0.12156075
20151001	1	0.05	12.068183	0.080572784
20151001	1	0.05	13.375544	0.099498093
20151001	1	0.05	16.839085	0.1626516
20151001	1	0.05	14.550868	0.11317354
20151001	1	0.05	13.201092	0.08081007
20151001	1	0.05	14.352264	0.074247777
20151001	1	0.05	14.651672	0.099998891
20151001	1	0.05	14.759268	0.10073149
20151001	1	0.05	14.207965	0.08360213
20151001	1	0.05	12.964836	0.075415373
20151001	1	0.05	14.771729	0.098343551
20151001	1	0.05	12.062083	0.072004795
20151001	1	0.05	14.631567	0.084748328
20151001	1	0.05	15.76699	0.10881257
20151001	1	0.05	14.377879	0.10968953
20151001	1	0.05	13.774012	0.069537699
20151001	1	0.05	15.218343	0.074553132
20151001	1	0.05	15.343559	0.14780796
20151001	1	0.05	14.851227	0.10672808
20151001	1	0.05	15.235258	0.083245099
20151001	1	0.05	14.974599	0.077567995
20151001	1	0.05	14.049096	0.095440447
20151001	1	0.05	14.030749	0.095999956
20151001	1	0.05	13.089121	0.08775121
20151001	1	0.05	13.792698	0.097085357
20151001	1	0.05	14.454453	0.10626632
20151001	1	0.05	13.328694	0.076499641
20151001	1	0.05	14.088327	0.09653163
20151001	1	0.05	12.692345	0.085140526
20151001	1	0.05	13.189938	0.077266037
20151001	1	0.05	13.696321	0.074405253
20151001	1	0.05	14.895759	0.16202456
20151001	1	0.05	13.661349	0.12421376
20151001	1	0.05	16.568127	0.10627669
20151001	1	0.05	12.372306	0.088582337
20151001	1	0.05	15.336363	0.084689915
20151001	1	0.05	14.563507	0.077284634
20151001	1	0.05	15.374703	0.098038256
20151001	1	0.05	13.690946	0.09706223
20151001	1	0.05	13.749948	0.070640922
20151001	1	0.05	13.063795	0.089499891
20151001	1	0.05	12.706832	0.076035082
20151001	1	0.05	12.294736	0.069880724
20151001	1	0.05	14.13266	0.080503821
20151001	1	0.05	15.745972	0.090746522
20151001	1	0.05	15.50815	0.09525013
20151001	1	0.05	15.261803	0.15711159
20151001	1	0.05	13.610078	0.13668644
20151001	1	0.05	14.656694	0.078648269
20151001	1	0.05	13.253945	0.068763971
20151001	1	0.05	14.98688	0.093295693
20151001	1	0.05	12.770381	0.076744676
20151001	1	0.05	12.613826	0.093033731
20151001	1	0.05	15.179606	0.097530961
20151001	1	0.05	13.046885	0.095916033
20151001	1	0.05	16.470116	0.1253801
20151001	1	0.05	12.198587	0.077895999
20151001	1	0.05	15.131047	0.10128123
20151001	1	0.05	15.131047	0.09638536
20151001	1	0.05	14.264828	0.085212827
20151001	1	0.05	12.564136	0.074000001
20151001	1	0.05	14.130055	0.11573774
20151001	1	0.05	12.455303	0.087317109
20151001	1	0.05	13.528725	0.088529885
20151001	1	0.05	14.67175	0.11977535
20151001	1	0.05	14.621504	0.1026932
20151001	1	0.05	14.548339	0.097337484
20151001	1	0.05	12.930733	0.08068192
20151001	1	0.05	13.353518	0.086249411
20151001	1	0.05	14.028127	0.079836249
20151001	1	0.05	13.90165	0.089374185
20151001	1	0.05	14.878457	0.11140394
20151001	1	0.05	13.010168	0.081925333
20151001	1	0.05	14.40345	0.095928669
20151001	1	0.05	12.953479	0.077461302
20151001	1	0.05	13.209451	0.066818058
20151001	1	0.05	14.056951	0.075295687
20151001	1	0.05	13.367288	0.083946764
20151001	1	0.05	13.941297	0.099907339
20151001	1	0.05	13.885759	0.077972174
20151001	1	0.05	11.8124	0.086606145
20151001	1	0.05	13.237277	0.096239567
20151001	1	0.05	14.472262	0.10693377
20151001	1	0.05	14.591273	0.091738641
20151001	1	0.05	12.156284	0.12635118
20151001	1	0.05	16.040012	0.074197531
20151001	1	0.05	12.930733	0.069406748
20151001	1	0.05	16.142914	0.11428154
20151001	1	0.05	14.947545	0.099427342
20151001	1	0.05	12.17141	0.10283107
20151001	1	0.05	16.681009	0.2005896
20151001	1	0.05	14.085715	0.1129815
20151001	1	0.05	14.426424	0.11256152
20151001	1	0.05	15.331564	0.11171907
20151001	1	0.05	14.994245	0.083033383
20151001	1	0.05	14.446815	0.08097595
20151001	1	0.05	16.738264	0.083775997
20151001	1	0.05	16.331011	0.11356807
20151001	1	0.05	14.64916	0.090512514
20151001	1	0.05	12.625489	0.13389063
20151001	1	0.05	12.613826	0.069677413
20151001	1	0.05	12.228715	0.07794404
20151001	1	0.05	11.957912	0.060871661
20151001	1	0.05	14.868561	0.096855104
20151001	1	0.05	15.717905	0.1001361
20151001	1	0.05	13.620888	0.10122019
20151001	1	0.05	14.306042	0.069990396
20151001	1	0.05	11.880734	0.074284673
20151001	1	0.05	14.711823	0.087038219
20151001	1	0.05	13.153621	0.091649592
20151001	1	0.05	12.902245	0.071739733
20151001	1	0.05	14.316326	0.097734034
20151001	1	0.05	14.033372	0.074920118
20151001	1	0.05	15.053027	0.095016778
20151001	1	0.05	12.651691	0.080614269
20151001	1	0.05	12.802037	0.071828842
20151001	1	0.05	13.01865	0.099874675
20151001	1	0.05	12.944953	0.09557271
20151001	1	0.05	14.505278	0.098621786
20151001	1	0.05	12.701039	0.074499726
20151001	1	0.05	13.763322	0.10208601
20151001	1	0.05	14.135263	0.094081223
20151001	1	0.05	14.195009	0.10177267
20151001	1	0.05	13.201092	0.075109839
20151001	1	0.05	13.303825	0.10304296
20151001	1	0.05	15.567355	0.089650869
20151001	1	0.05	15.635753	0.097220659
20151001	1	0.05	15.353148	0.083230257
20151001	1	0.05	11.880734	0.098155618
20151001	1	0.05	13.317647	0.091443717
20151001	1	0.05	13.07787	0.091372788
20151001	1	0.05	15.998666	0.097619116
20151001	1	0.05	12.755965	0.10528702
20151001	1	0.05	14.853704	0.10437459
20151001	1	0.05	14.23901	0.088672101
20151001	1	0.05	12.842215	0.067399085
20151001	1	0.05	12.738646	0.091800094
20151001	1	0.05	12.246756	0.077240407
20151001	1	0.05	14.654183	0.099043369
20151001	1	0.05	14.300897	0.076346636
20151001	1	0.05	12.910798	0.05205828
20151001	1	0.05	16.072096	0.10559142
20151001	1	0.05	16.165693	0.12988311
20151001	1	0.05	12.715516	0.085569799
20151001	1	0.05	14.441719	0.098899961
20151001	1	0.05	12.755965	0.086104751
20151001	1	0.05	16.1998	0.12733507
20151001	1	0.05	12.936422	0.071247101
20151001	1	0.05	12.587543	0.099351466
20151001	1	0.05	12.721303	0.070393801
20151001	1	0.05	15.157774	0.093273878
20151001	1	0.05	14.626536	0.10924268
20151001	1	0.05	14.913041	0.13011992
20151001	1	0.05	15.743635	0.092660487
20151001	1	0.05	14.472262	0.089582324
20151001	1	0.05	14.996698	0.10360277
20151001	1	0.05	14.197602	0.090611458
20151001	1	0.05	14.70682	0.1146971
20151001	1	0.05	16.681009	0.1376875
20151001	1	0.05	12.575846	0.095642209
20151001	1	0.05	14.654183	0.081130207
20151001	1	0.05	12.927887	0.080577135
20151001	1	0.05	12.467114	0.080251396
20151001	1	0.05	14.510351	0.09730947
20151001	1	0.05	14.716825	0.1248315
20151001	1	0.05	12.692345	0.11533386
20151001	1	0.05	15.290708	0.097759485
20151001	1	0.05	14.030749	0.088543475
20151001	1	0.05	15.348354	0.088963568
20151001	1	0.05	13.637086	0.074443042
20151001	1	0.05	15.864706	0.12510371
20151001	1	0.05	13.986095	0.084997118
20151001	1	0.05	13.381045	0.098370314
20151001	1	0.05	12.270769	0.074775755
20151001	1	0.05	13.891058	0.079040229
20151001	1	0.05	14.676765	0.097357333
20151001	1	0.05	12.890832	0.082575083
20151001	1	0.05	12.750196	0.14074504
20151001	1	0.05	13.824676	0.10486835
20151001	1	0.05	15.813597	0.097155035
20151001	1	0.05	13.607373	0.10966581
20151001	1	0.05	14.326603	0.094392478
20151001	1	0.05	12.422763	0.096378088
20151001	1	0.05	12.953479	0.095265925
20151001	1	0.05	15.062801	0.10048556
20151001	1	0.05	13.749948	0.086210132
20151001	1	0.05	15.343559	0.097302258
20151001	1	0.05	18.70067	0.12090158
20151001	1	0.05	14.88093	0.07818836
20151001	1	0.05	16.815031	0.12175071
20151001	1	0.05	15.666316	0.11478221
20151001	1	0.05	14.947545	0.12249917
20151001	1	0.05	16.195257	0.090931714
20151001	1	0.05	13.173188	0.12572205
20151001	1	0.05	16.026241	0.1236468
20151001	1	0.05	14.950006	0.089802682
20151001	1	0.05	13.424972	0.094284654
20151001	1	0.05	13.822014	0.1176753
20151001	1	0.05	15.128614	0.1048075
20151001	1	0.05	14.306042	0.08702594
20151001	1	0.05	12.839349	0.079060376
20151001	1	0.05	14.459543	0.079087257
20151001	1	0.05	14.169064	0.089273751
20151001	1	0.05	12.520128	0.080983579
20151001	1	0.05	14.454453	0.11087739
20151001	1	0.05	16.240633	0.084714174
20151001	1	0.05	14.558453	0.085793316
20151001	1	0.05	12.727086	0.071574628
20151001	1	0.05	13.693633	0.084998786
20151001	1	0.05	14.122241	0.088611662
20151001	1	0.05	14.01238	0.094006002
20151001	1	0.05	14.184638	0.089007437
20151001	1	0.05	15.391447	0.083807409
20151001	1	0.05	16.865286	0.12037027
20151001	1	0.05	13.54775	0.084212422
20151001	1	0.05	14.067417	0.088428199
20151001	1	0.05	16.331011	0.10855871
20151001	1	0.05	15.333963	0.11753559
20151001	1	0.05	16.106403	0.099712431
20151001	1	0.05	16.784367	0.12335062
20151001	1	0.05	16.094975	0.086507022
20151001	1	0.05	12.381225	0.080401242
20151001	1	0.05	14.861135	0.10141724
20151001	1	0.05	13.487865	0.071382761
20151001	1	0.05	12.613826	0.065778732
20151001	1	0.05	12.887978	0.10441351
20151001	1	0.05	12.315668	0.07768929
20151001	1	0.05	12.961998	0.080494761
20151001	1	0.05	13.528725	0.096412659
20151001	1	0.05	11.988646	0.066476285
20151001	1	0.05	13.201092	0.088761747
20151001	1	0.05	12.452348	0.08617419
20151001	1	0.05	12.11687	0.07126838
20151001	1	0.05	12.78478	0.080676019
20151001	1	0.05	13.122812	0.08737272
20151001	1	0.05	14.903168	0.09777528
20151001	1	0.05	15.628691	0.094470739
20151001	1	0.05	13.819351	0.096906781
20151001	1	0.05	14.334307	0.10534561
20151001	1	0.05	12.987522	0.075922251
20151001	1	0.05	13.72316	0.080537975
20151001	1	0.05	13.424972	0.21042836
20151001	1	0.05	13.744594	0.088318408
20151001	1	0.05	16.003265	0.10254568
20151001	1	0.05	13.509672	0.074911416
20151001	1	0.05	13.634388	0.095839858
20151001	1	0.05	13.822014	0.068969488
20151001	1	0.05	13.103169	0.075187027
20151001	1	0.05	11.997849	0.10037363
20151001	1	0.05	17.395845	0.094723761
20151001	1	0.05	13.314884	0.081071675
20151001	1	0.05	13.601964	0.086908937
20151001	1	0.05	14.913041	0.10724723
20151001	1	0.05	14.613952	0.093936861
20151001	1	0.05	13.120008	0.1150074
20151001	1	0.05	14.676765	0.10739082
20151001	1	0.05	14.719324	0.086891234
20151001	1	0.05	13.731201	0.092460334
20151001	1	0.05	13.851267	0.11733907
20151001	1	0.05	14.166467	0.11785972
20151001	1	0.05	13.298292	0.085775137
20151001	1	0.05	13.303825	0.097680569
20151001	1	0.05	14.137866	0.085326195
20151001	1	0.05	13.323172	0.12325805
20151001	1	0.05	16.312977	0.11057985
20151001	1	0.05	15.5437	0.11163157
20151001	1	0.05	12.413874	0.085108817
20151001	1	0.05	13.596553	0.076249361
20151001	1	0.05	13.996614	0.084814787
20151001	1	0.05	12.549484	0.064349711
20151001	1	0.05	12.590466	0.084882855
20151001	1	0.05	12.110794	0.063511372
20151001	1	0.05	14.935231	0.081675053
20151001	1	0.05	15.736622	0.14227867
20151001	1	0.05	12.735757	0.093649387
20151001	1	0.05	13.173188	0.066711843
20151001	1	0.05	14.467175	0.1035766
20151001	1	0.05	13.476949	0.077858865
20151001	1	0.05	12.413874	0.092938066
20151001	1	0.05	11.809284	0.03101629
20151001	1	0.05	15.386665	0.11580276
20151001	1	0.05	12.339547	0.070703447
20151001	1	0.05	16.483515	0.088789821
20151001	1	0.05	16.641256	0.14576548
20151001	1	0.05	13.763322	0.10042721
20151001	1	0.05	15.729606	0.087372184
20151001	1	0.05	12.927887	0.0768857
20151001	1	0.05	13.468755	0.083510816
20151001	1	0.05	12.701039	0.069451034
20151001	1	0.05	14.085715	0.082849801
20151001	1	0.05	13.220588	0.10737032
20151001	1	0.05	13.372792	0.10383981
20151001	1	0.05	13.717796	0.099485636
20151001	1	0.05	14.724323	0.077943265
20151001	1	0.05	15.174758	0.11067963
20151001	1	0.05	13.276137	0.10047293
20151001	1	0.05	12.21366	0.068252444
20151001	1	0.05	12.695244	0.073632896
20151001	1	0.05	14.377879	0.10967892
20151001	1	0.05	11.84351	0.080796719
20151001	1	0.05	15.194144	0.09025526
20151001	1	0.05	14.150873	0.08595413
20151001	1	0.05	13.237277	0.081633151
20151001	1	0.05	12.558277	0.075484335
20151001	1	0.05	14.300897	0.10373539
20151001	1	0.05	14.848749	0.097076416
20151001	1	0.05	17.302523	0.12646317
20151001	1	0.05	16.026241	0.13551521
20151001	1	0.05	13.628989	0.07412076
20151001	1	0.05	14.290601	0.089212954
20151001	1	0.05	13.184357	0.068875372
20151001	1	0.05	13.306591	0.061909378
20151001	1	0.05	13.452353	0.099948347
20151001	1	0.05	12.893686	0.092240453
20151001	1	0.05	14.124846	0.096042991
20151001	1	0.05	12.910798	0.08709228
20151001	1	0.05	16.601406	0.10724163
20151001	1	0.05	16.20207	0.017995119
20151001	1	0.05	15.25698	0.11169046
20151001	1	0.05	15.825228	0.085276186
20151001	1	0.05	13.323172	0.095324397
20151001	1	0.05	15.750646	0.13819426
20151001	1	0.05	15.412949	0.11375731
20151001	1	0.05	12.590466	0.064675093
20151001	1	0.05	13.386544	0.090574265
20151001	1	0.05	12.741534	0.085587204
20151001	1	0.05	13.733881	0.079402626
20151001	1	0.05	13.103169	0.11633289
20151001	1	0.05	15.075011	0.089679062
20151001	1	0.05	14.411112	0.14883578
20151001	1	0.05	14.041236	0.08399719
20151001	1	0.05	12.422763	0.057922125
20151001	1	0.05	13.972934	0.09172684
20151001	1	0.05	13.223372	0.081803977
20151001	1	0.05	16.056063	0.1758036
20151001	1	0.05	13.715114	0.029903412
20151001	1	0.05	12.276765	0.079573095
20151001	1	0.05	15.815924	0.1103878
20151001	1	0.05	14.059567	0.092911482
20151001	1	0.05	14.8165	0.094641209
20151001	1	0.05	12.973348	0.12154061
20151001	1	0.05	13.010168	0.074546754
20151001	1	0.05	13.707063	0.091756463
20151001	1	0.05	18.031498	0.17926979
20151001	1	0.05	15.904087	0.085942447
20151001	1	0.05	12.910798	0.11606395
20151001	1	0.05	15.929517	0.10878634
20151001	1	0.05	14.484969	0.11633611
20151001	1	0.05	16.117821	0.11134529
20151001	1	0.05	15.050582	0.094031572
20151001	1	0.05	12.790535	0.064086676
20151001	1	0.05	13.136825	0.082873106
20151001	1	0.05	14.393228	0.1311053
20151001	1	0.05	14.766746	0.088511884
20151001	1	0.05	13.645179	0.074729621
20151001	1	0.05	14.244177	0.095794022
20151001	1	0.05	12.546552	0.10855901
20151001	1	0.05	14.213144	0.0977512
20151001	1	0.05	16.283627	0.10858142
20151001	1	0.05	15.727266	0.11067712
20151001	1	0.05	11.535016	0.072981954
20151001	1	0.05	14.593795	0.10444319
20151001	1	0.05	14.223495	0.090147078
20151001	1	0.05	18.661278	0.10746562
20151001	1	0.05	16.452232	0.089534581
20151001	1	0.05	14.621504	0.073800445
20151001	1	0.05	15.848462	0.12120759
20151001	1	0.05	13.596553	0.075368524
20151001	1	0.05	14.843793	0.13896662
20151001	1	0.05	13.591139	0.11442405
20151001	1	0.05	13.289989	0.13085771
20151001	1	0.05	12.698141	0.12171501
20151001	1	0.05	13.414003	0.069498718
20151001	1	0.05	12.947795	0.081981719
20151001	1	0.05	13.591139	0.076073945
20151001	1	0.05	14.794131	0.096013784
20151001	1	0.05	14.528091	0.09169513
20151001	1	0.05	15.269034	0.11408299
20151001	1	0.05	12.273767	0.080300927
20151001	1	0.05	15.182031	0.085007131
20151001	1	0.05	9.9896164	0.016933322
20151001	1	0.05	14.843793	0.10935587
20151001	1	0.05	12.569992	0.078924
20151001	1	0.05	13.824676	0.087146699
20151001	1	0.05	13.383795	0.084526777
20151001	1	0.05	14.890818	0.079819202
20151001	1	0.05	15.348354	0.094569266
20151001	1	0.05	12.14114	0.051256061
20151001	1	0.05	13.052524	0.093160093
20151001	1	0.05	15.699165	0.093713999
20151001	1	0.05	17.140135	0.13100123
20151001	1	0.05	14.78169	0.088751972
20151001	1	0.05	15.605128	0.10455173
20151001	1	0.05	18.327017	0.091632187
20151001	1	0.05	13.872503	0.083156884
20151001	1	0.05	14.051714	0.10729522
20151001	1	0.05	16.508053	0.11422932
20151001	1	0.05	15.045691	0.14695501
20151001	1	0.05	15.680403	0.096478462
20151001	1	0.05	13.128419	0.096988499
20151001	1	0.05	13.328694	0.077335656
20151001	1	0.05	13.9703	0.074507356
20151001	1	0.05	14.741806	0.074348629
20151001	1	0.05	15.398618	0.11174506
20151001	1	0.05	12.770381	0.12900907
20151001	1	0.05	12.865116	0.080784857
20151001	1	0.05	17.266333	0.13621062
20151001	1	0.05	13.069427	0.081985295
20151001	1	0.05	13.103169	0.081913054
20151001	1	0.05	13.757974	0.097090185
20151001	1	0.05	16.718468	0.12704283
20151001	1	0.05	13.094742	0.079086065
20151001	1	0.05	13.405771	0.10970265
20151001	1	0.05	12.381225	0.06785202
20151001	1	0.05	12.528942	0.068699658
20151001	1	0.05	13.545034	0.11338252
20151001	1	0.05	14.251925	0.12214607
20151001	1	0.05	14.293176	0.12769318
20151001	1	0.05	13.553182	0.07297796
20151001	1	0.05	15.503404	0.099513113
20151001	1	0.05	15.040799	0.10187536
20151001	1	0.05	13.914878	0.11131942
20151001	1	0.05	15.467762	0.083138227
20151001	1	0.05	14.114423	0.077290833
20151001	1	0.05	14.064801	0.096947968
20151001	1	0.05	13.88841	0.083084524
20151001	1	0.05	13.273366	0.095129669
20151001	1	0.05	14.676765	0.085158527
20151001	1	0.05	12.830748	0.063542724
20151001	1	0.05	14.262248	0.10593468
20151001	1	0.05	13.564037	0.086067498
20151001	1	0.05	13.476949	0.077559948
20151001	1	0.05	14.083103	0.071464479
20151001	1	0.05	16.423132	0.085133851
20151001	1	0.05	13.150822	0.093218625
20151001	1	0.05	13.688258	0.092973351
20151001	1	0.05	13.083497	0.089574635
20151001	1	0.05	12.833615	0.07812506
20151001	1	0.05	15.104273	0.091521919
20151001	1	0.05	13.289989	0.07147938
20151001	1	0.05	12.793411	0.077885866
20151001	1	0.05	13.891058	0.072623253
20151001	1	0.05	13.604669	0.090354145
20151001	1	0.05	13.872503	0.11317331
20151001	1	0.05	13.816689	0.10691881
20151001	1	0.05	13.278909	0.11747247
20151001	1	0.05	13.103169	0.088561952
20151001	1	0.05	13.032775	0.0739519
20151001	1	0.05	13.086308	0.082098961
20151001	1	0.05	12.531878	0.066622019
20151001	1	0.05	15.84614	0.12719589
20151001	1	0.05	12.744422	0.092082024
20151001	1	0.05	15.077452	0.12906885
20151001	1	0.05	12.449393	0.070097983
20151001	1	0.05	15.694477	0.11125565
20151001	1	0.05	16.321995	0.089183807
20151001	1	0.05	13.231716	0.1009298
20151001	1	0.05	13.859234	0.069360912
20151001	1	0.05	15.609843	0.1104936
20151001	1	0.05	16.561462	0.087965071
20151001	1	0.05	12.747309	0.078069508
20151001	1	0.05	12.729978	0.073501229
20151001	1	0.05	14.563507	0.12103438
20151001	1	0.05	15.689787	0.12234455
20151001	1	0.05	13.925451	0.082316637
20151001	1	0.05	13.731201	0.098841906
20151001	1	0.05	14.591273	0.07445395
20151001	1	0.05	15.915651	0.10770565
20151001	1	0.05	15.302735	0.094162405
20151001	1	0.05	12.876552	0.086076558
20151001	1	0.05	12.85367	0.10300672
20151001	1	0.05	12.434605	0.066880703
20151001	1	0.05	14.661715	0.10732323
20151001	1	0.05	14.927838	0.094270945
20151001	1	0.05	14.220908	0.11160159
20151001	1	0.05	15.557898	0.11480188
20151001	1	0.05	13.68557	0.09754467
20151001	1	0.05	13.452353	0.099950612
20151001	1	0.05	15.5437	0.10029453
20151001	1	0.05	16.007862	0.11704218
20151001	1	0.05	14.520491	0.12020534
20151001	1	0.05	13.103169	0.089257181
20151001	1	0.05	12.219685	0.054475844
20151001	1	0.05	12.007047	0.076924086
20151001	1	0.05	12.865116	0.078073621
20151001	1	0.05	14.226083	0.079306841
20151001	1	0.05	16.583666	0.1370635
20151001	1	0.05	12.802037	0.062535822
20151001	1	0.05	14.796618	0.10597569
20151001	1	0.05	11.806169	0.052713513
20151001	1	0.05	12.330598	0.083985209
20151001	1	0.05	11.85593	0.08061409
20151001	1	0.05	16.308464	0.10434306
20151001	1	0.05	12.378252	0.056202769
20151001	1	0.05	12.399044	0.080141664
20151001	1	0.05	13.90165	0.11553019
20151001	1	0.05	12.648783	0.086255014
20151001	1	0.05	14.421322	0.092475533
20151001	1	0.05	12.674938	0.086803913
20151001	1	0.05	15.096963	0.10563332
20151001	1	0.05	15.557898	0.1175499
20151001	1	0.05	17.163734	0.12310386
20151001	1	0.05	12.6546	0.09256053
20151001	1	0.05	13.28168	0.073445141
20151001	1	0.05	15.422496	0.081274033
20151001	1	0.05	14.166467	0.072459459
20151001	1	0.05	14.751787	0.10558146
20151001	1	0.05	13.72316	0.088470995
20151001	1	0.05	12.870835	0.053086042
20151001	1	0.05	13.864543	0.083580613
20151001	1	0.05	15.055471	0.10491151
20151001	1	0.05	14.68679	0.12559134
20151001	1	0.05	12.101676	0.1051988
20151001	1	0.05	13.231716	0.092694044
20151001	1	0.05	13.479679	0.090583682
20151001	1	0.05	14.811532	0.11335033
20151001	1	0.05	15.035905	0.11232829
20151001	1	0.05	15.957213	0.09725517
20151001	1	0.05	12.922193	0.10667092
20151001	1	0.05	9.362134	0.010831535
20151001	1	0.05	16.072096	0.097163618
20151001	1	0.05	13.784693	0.087093472
20151001	1	0.05	14.428974	0.10754937
20151001	1	0.05	13.397534	0.1013242
20151001	1	0.05	12.517189	0.061409354
20151001	1	0.05	15.259392	0.086740255
20151001	1	0.05	12.049874	0.08130455
20151001	1	0.05	14.626536	0.087354898
20151001	1	0.05	14.117029	0.10478085
20151001	1	0.05	13.153621	0.086797953
20151001	1	0.05	13.26782	0.098747671
20151001	1	0.05	14.67175	0.091982186
20151001	1	0.05	12.735757	0.099890769
20151001	1	0.05	14.150873	0.086238921
20151001	1	0.05	15.950294	0.16977328
20151001	1	0.05	14.326603	0.090791047
20151001	1	0.05	11.693428	0.09201622
20151001	1	0.05	15.353148	0.090846419
20151001	1	0.05	15.717905	0.10217893
20151001	1	0.05	16.420891	0.11068439
20151001	1	0.05	14.324035	0.081321418
20151001	1	0.05	13.983463	0.10134286
20151001	1	0.05	13.372792	0.085123181
20151001	1	0.05	13.73656	0.091077805
20151001	1	0.05	13.774012	0.096244514
20151001	1	0.05	16.483515	0.1208514
20151001	1	0.05	13.184357	0.083136857
20151001	1	0.05	14.264828	0.14733785
20151001	1	0.05	14.264828	0.093546927
20151001	1	0.05	14.836354	0.10124654
20151001	1	0.05	12.564136	0.054778516
20151001	1	0.05	12.095593	0.062655032
20151001	1	0.05	13.203878	0.083183289
20151001	1	0.05	14.746798	0.14708173
20151001	1	0.05	15.980255	0.093243301
20151001	1	0.05	12.303711	0.074190795
20151001	1	0.05	13.046885	0.11864114
20151001	1	0.05	14.046476	0.089994311
20151001	1	0.05	15.013864	0.089140773
20151001	1	0.05	14.490049	0.090004385
20151001	1	0.05	14.474804	0.10365629
20151001	1	0.05	13.029951	0.089782953
20151001	1	0.05	13.859234	0.084308326
20151001	1	0.05	16.414167	0.097166955
20151001	1	0.05	14.40345	0.10030872
20151001	1	0.05	14.413665	0.097960949
20151001	1	0.05	15.892514	0.12259126
20151001	1	0.05	17.060518	0.13580799
20151001	1	0.05	13.787361	0.092133582
20151001	1	0.05	13.226153	0.091825128
20151001	1	0.05	14.444267	0.10226923
20151001	1	0.05	14.674258	0.10469782
20151001	1	0.05	13.187147	0.097599566
20151001	1	0.05	12.761734	0.060258508
20151001	1	0.05	14.195009	0.091718256
20151001	1	0.05	13.925451	0.14386648
20151001	1	0.05	12.572919	0.05912745
20151001	1	0.05	12.34551	0.073396385
20151001	1	0.05	12.089507	0.054486692
20151001	1	0.05	15.408174	0.091845334
20151001	1	0.05	13.463289	0.094762266
20151001	1	0.05	12.701039	0.069579959
20151001	1	0.05	11.535016	0.071203113
20151001	1	0.05	16.29492	0.13435042
20151001	1	0.05	14.161271	0.093216538
20151001	1	0.05	14.726822	0.07939142
20151001	1	0.05	17.871616	0.14885622
20151001	1	0.05	14.709322	0.088021874
20151001	1	0.05	11.614492	0.072023094
20151001	1	0.05	13.517841	0.089164734
20151001	1	0.05	14.119636	0.11509848
20151001	1	0.05	12.959159	0.095855355
20151001	1	0.05	15.13591	0.10016924
20151001	1	0.05	13.07787	0.093947649
20151001	1	0.05	18.11091	0.099341452
20151001	1	0.05	15.512895	0.10008425
20151001	1	0.05	15.531859	0.11212057
20151001	1	0.05	12.526005	0.098187506
20151001	1	0.05	14.400895	0.097070694
20151001	1	0.05	16.703054	0.13503683
20151001	1	0.05	13.381045	0.09873575
20151001	1	0.05	10.895224	0.063734353
20151001	1	0.05	13.049705	0.079373777
20151001	1	0.05	15.126183	0.083970964
20151001	1	0.05	15.950294	0.088621974
20151001	1	0.05	13.060977	0.081745923
20151001	1	0.05	12.062083	0.0646981
20151001	1	0.05	13.715114	0.077594221
20151001	1	0.05	12.979019	0.066959381
20151001	1	0.05	15.050582	0.11941493
20151001	1	0.05	14.205375	0.067424178
20151001	1	0.05	17.7663	0.14609629
20151001	1	0.05	13.228935	0.095118225
20151001	1	0.05	14.001872	0.091418028
20151001	1	0.05	14.3497	0.080822825
20151001	1	0.05	15.806615	0.099553108
20151001	1	0.05	14.277719	0.091130614
20151001	1	0.05	14.528091	0.090832174
20151001	1	0.05	13.71243	0.091608405
20151001	1	0.05	15.853105	0.092259407
20151001	1	0.05	14.744302	0.10297549
20151001	1	0.05	16.563684	0.12219578
20151001	1	0.05	14.339439	0.073240459
20151001	1	0.05	16.288145	0.082807243
20151001	1	0.05	14.566033	0.092269719
20151001	1	0.05	13.181565	0.085787773
20151001	1	0.05	14.88093	0.088301778
20151001	1	0.05	14.306042	0.097498298
20151001	1	0.05	12.003982	0.089489639
20151001	1	0.05	12.458257	0.071575701
20151001	1	0.05	12.019299	0.096996844
20151001	1	0.05	11.762453	0.084605277
20151001	1	0.05	13.922809	0.079169929
20151001	1	0.05	15.808943	0.080190063
20151001	1	0.05	16.088114	0.12239671
20151001	1	0.05	12.686545	0.079563439
20151001	1	0.05	13.965031	0.073895097
20151001	1	0.05	15.045691	0.088077784
20151001	1	0.05	13.792698	0.099412024
20151001	1	0.05	15.668665	0.1051231
20151001	1	0.05	11.877636	0.12333012
20151001	1	0.05	17.069143	0.11563963
20151001	1	0.05	14.007127	0.083708942
20151001	1	0.05	12.437564	0.091084242
20151001	1	0.05	14.29575	0.075268865
20151001	1	0.05	15.065244	0.10826707
20151001	1	0.05	12.416838	0.052176535
20151001	1	0.05	12.919345	0.073622167
20151001	1	0.05	13.178774	0.1074717
20151001	1	0.05	12.452348	0.082078576
20151001	1	0.05	14.119636	0.087448895
20151001	1	0.05	12.698141	0.092160285
20151001	1	0.05	14.088327	0.11153096
20151001	1	0.05	14.629052	0.11163139
20151001	1	0.05	14.025503	0.10078377
20151001	1	0.05	12.830748	0.083676934
20151001	1	0.05	14.469719	0.093122542
20151001	1	0.05	12.882266	0.072080433
20151001	1	0.05	15.165055	0.094390333
20151001	1	0.05	13.041243	0.064261019
20151001	1	0.05	13.875155	0.088313699
20151001	1	0.05	11.674532	0.08704263
20151001	1	0.05	12.055981	0.096509755
20151001	1	0.05	16.229301	0.11037987
20151001	1	0.05	17.105751	0.14164776
20151001	1	0.05	15.52949	0.093731642
20151001	1	0.05	12.85367	0.10090375
20151001	1	0.05	13.883109	0.091713905
20151001	1	0.05	12.810657	0.13544285
20151001	1	0.05	13.270593	0.090249777
20151001	1	0.05	14.449361	0.10981125
20151001	1	0.05	16.046892	0.097969532
20151001	1	0.05	16.297178	0.089997411
20151001	1	0.05	13.120008	0.10890388
20151001	1	0.05	15.553167	0.11319494
20151001	1	0.05	14.357391	0.075835645
20151001	1	0.05	13.223372	0.095056891
20151001	1	0.05	14.696809	0.087864935
20151001	1	0.05	14.754281	0.095560193
20151001	1	0.05	14.724323	0.081002712
20151001	1	0.05	13.755299	0.093343854
20151001	1	0.05	14.759268	0.095820308
20151001	1	0.05	13.816689	0.082363725
20151001	1	0.05	14.744302	0.090469837
20151001	1	0.05	13.069427	0.061497033
20151001	1	0.05	14.23384	0.11604625
20151001	1	0.05	15.386665	0.087490976
20151001	1	0.05	14.900699	0.10023695
20151001	1	0.05	14.895759	0.10105842
20151001	1	0.05	14.035994	0.11593193
20151001	1	0.05	15.706195	0.10364866
20151001	1	0.05	15.31235	0.074440479
20151001	1	0.05	13.231716	0.10613996
20151001	1	0.05	14.030749	0.10002506
20151001	1	0.05	15.980255	0.10069299
20151001	1	0.05	13.298292	0.059340417
20151001	1	0.05	12.71841	0.10461152
20151001	1	0.05	15.479651	0.13180107
20151001	1	0.05	14.794131	0.093725085
20151001	1	0.05	12.593389	0.061001837
20151001	1	0.05	14.038615	0.085240901
20151001	1	0.05	15.203828	0.11159396
20151001	1	0.05	12.916496	0.048427403
20151001	1	0.05	14.925373	0.10207546
20151001	1	0.05	13.54775	0.084840953
20151001	1	0.05	12.270769	0.053629696
20151001	1	0.05	15.841496	0.094718635
20151001	1	0.05	17.060518	0.12322831
20151001	1	0.05	12.34849	0.064420164
20151001	1	0.05	16.115538	0.10187632
20151001	1	0.05	13.408516	0.11634374
20151001	1	0.05	13.588431	0.12594515
20151001	1	0.05	14.846271	0.091032028
20151001	1	0.05	13.816689	0.078927279
20151001	1	0.05	14.664224	0.11046553
20151001	1	0.05	12.010111	0.069879174
20151001	1	0.05	12.168386	0.063949406
20151001	1	0.05	13.086308	0.062247574
20151001	1	0.05	14.611434	0.098362982
20151001	1	0.05	16.541454	0.1070329
20151001	1	0.05	13.690946	0.09113884
20151001	1	0.05	12.464163	0.08444494
20151001	1	0.05	13.153621	0.079127789
20151001	1	0.05	13.765995	0.078536928
20151001	1	0.05	14.007127	0.083296537
20151001	1	0.05	14.913041	0.10842985
20151001	1	0.05	13.463289	0.080488801
20151001	1	0.05	13.414003	0.10994935
20151001	1	0.05	13.142426	0.10747653
20151001	1	0.05	14.001872	0.070254743
20151001	1	0.05	13.733881	0.076028645
20151001	1	0.05	16.836899	0.080245137
20151001	1	0.05	16.86747	0.12609577
20151001	1	0.05	12.177454	0.077838123
20151001	1	0.05	14.17166	0.11007839
20151001	1	0.05	12.984688	0.081586301
20151001	1	0.05	13.228935	0.10740966
20151001	1	0.05	16.863106	0.10325634
20151001	1	0.05	14.596316	0.074475944
20151001	1	0.05	13.655961	0.082153559
20151001	1	0.05	11.560507	0.095942318
20151001	1	0.05	16.461176	0.1273542
20151001	1	0.05	13.189938	0.1002655
20151001	1	0.05	14.462089	0.10565835
20151001	1	0.05	13.063795	0.076737046
20151001	1	0.05	11.976361	0.063362002
20151001	1	0.05	13.859234	0.076539397
20151001	1	0.05	15.692132	0.073702276
20151001	1	0.05	13.569462	0.084999323
20151001	1	0.05	13.645179	0.086598158
20151001	1	0.05	13.058161	0.081404507
20151001	1	0.05	13.364535	0.08653152
20151001	1	0.05	12.735757	0.078379452
20151001	1	0.05	12.321642	0.073937714
20151001	1	0.05	13.314884	0.08421576
20151001	1	0.05	13.601964	0.097359657
20151001	1	0.05	14.576135	0.099429131
20151001	1	0.05	15.128614	0.1043967
20151001	1	0.05	13.301059	0.079886794
20151001	1	0.05	13.741917	0.082753778
20151001	1	0.05	12.437564	0.097981155
20151001	1	0.05	12.561207	0.057681262
20151001	1	0.05	13.359027	0.072614849
20151001	1	0.05	14.523025	0.098460019
20151001	1	0.05	15.155347	0.082347631
20151001	1	0.05	12.493649	0.06848824
20151001	1	0.05	15.595695	0.095866084
20151001	1	0.05	16.982695	0.11572045
20151001	1	0.05	15.018764	0.10377133
20151001	1	0.05	13.688258	0.10146892
20151001	1	0.05	11.623992	0.05300492
20151001	1	0.05	13.28445	0.09425354
20151001	1	0.05	12.802037	0.061876714
20151001	1	0.05	16.08354	0.095802903
20151001	1	0.05	13.069427	0.094407916
20151001	1	0.05	12.744422	0.10116172
20151001	1	0.05	14.218321	0.087580264
20151001	1	0.05	15.76699	0.083955646
20151001	1	0.05	13.173188	0.087896347
20151001	1	0.05	13.949213	0.07426095
20151001	1	0.05	14.759268	0.099678218
20151001	1	0.05	15.261803	0.094409049
20151001	1	0.05	13.198304	0.10155529
20151001	1	0.05	16.519194	0.10923856
20151001	1	0.05	14.920442	0.077134848
20151001	1	0.05	17.933279	0.13276792
20151001	1	0.05	16.256487	0.09827435
20151001	1	0.05	14.821465	0.081246734
20151001	1	0.05	13.408516	0.10055107
20151001	1	0.05	17.030296	0.12006539
20151001	1	0.05	13.403027	0.072593689
20151001	1	0.05	14.395783	0.08457011
20151001	1	0.05	14.721824	0.077420056
20151001	1	0.05	13.612781	0.098157048
20151001	1	0.05	14.046476	0.096775174
20151001	1	0.05	15.822902	0.12208492
20151001	1	0.05	14.57361	0.092826724
20151001	1	0.05	13.403027	0.093550026
20151001	1	0.05	13.253945	0.078893304
20151001	1	0.05	14.456999	0.10160822
20151001	1	0.05	16.402954	0.095947623
20151001	1	0.05	12.119906	0.094127476
20151001	1	0.05	12.41091	0.068206072
20151001	1	0.05	12.71841	0.067423522
20151001	1	0.05	13.715114	0.0736655
20151001	1	0.05	16.919743	0.10198188
20151001	1	0.05	13.075057	0.087368309
20151001	1	0.05	13.577595	0.10958087
20151001	1	0.05	14.264828	0.16708159
20151001	1	0.05	13.755299	0.081004679
20151001	1	0.05	14.836354	0.089230955
20151001	1	0.05	13.811361	0.083511472
20151001	1	0.05	13.688258	0.081443369
20151001	1	0.05	13.100361	0.048097014
20151001	1	0.05	14.280297	0.094399929
20151001	1	0.05	12.189535	0.071944416
20151001	1	0.05	15.724926	0.077638447
20151001	1	0.05	14.411112	0.115583
20151001	1	0.05	13.688258	0.083837688
20151001	1	0.05	16.113255	0.11356419
20151001	1	0.05	9.743474	0.039102197
20151001	1	0.05	14.444267	0.086552024
20151001	1	0.05	14.393228	0.09890002
20151001	1	0.05	12.330598	0.095855057
20151001	1	0.05	13.052524	0.096093655
20151001	1	0.05	13.209451	0.086523592
20151001	1	0.05	14.169064	0.09303236
20151001	1	0.05	13.819351	0.087392509
20151001	1	0.05	13.757974	0.084783733
20151001	1	0.05	12.773262	0.076232791
20151001	1	0.05	14.957389	0.11321777
20151001	1	0.05	16.188438	0.10152662
20151001	1	0.05	15.264214	0.10230821
20151001	1	0.05	12.110794	0.073204815
20151001	1	0.05	18.10075	0.088416338
20151001	1	0.05	14.339439	0.10770226
20151001	1	0.05	14.809047	0.096436024
20151001	1	0.05	13.631689	0.083880424
20151001	1	0.05	14.731818	0.091735601
20151001	1	0.05	12.799162	0.019145787
20151001	1	0.05	13.035598	0.085728526
20151001	1	0.05	11.746801	0.081712306
20151001	1	0.05	12.625489	0.10211474
20151001	1	0.05	14.482429	0.09716326
20151001	1	0.05	13.31212	0.10808986
20151001	1	0.05	14.799105	0.077231169
20151001	1	0.05	13.476949	0.078134
20151001	1	0.05	13.212235	0.095498741
20151001	1	0.05	13.840636	0.082501471
20151001	1	0.05	14.400895	0.10012197
20151001	1	0.05	12.99885	0.088628471
20151001	1	0.05	12.312679	0.083287358
20151001	1	0.05	12.122942	0.053462088
20151001	1	0.05	13.083497	0.10752487
20151001	1	0.05	12.068183	0.076841116
20151001	1	0.05	12.177454	0.055071294
20151001	1	0.05	14.395783	0.078086913
20151001	1	0.05	13.658655	0.086114824
20151001	1	0.05	16.120104	0.091665924
20151001	1	0.05	12.822141	0.1006313
20151001	1	0.05	14.298324	0.0783512
20151001	1	0.05	14.137866	0.096411049
20151001	1	0.05	14.676765	0.11563021
20151001	1	0.05	14.347136	0.083012938
20151001	1	0.05	12.110794	0.081647754
20151001	1	0.05	12.101676	0.074903667
20151001	1	0.05	13.217805	0.11105388
20151001	1	0.05	14.075262	0.095849216
20151001	1	0.05	15.369916	0.11971807
20151001	1	0.05	15.182031	0.12425864
20151001	1	0.05	12.984688	0.09307313
20151001	1	0.05	13.419489	0.079905272
20151001	1	0.05	13.226153	0.07048744
20151001	1	0.05	13.545034	0.088019431
20151001	1	0.05	17.028135	0.12304157
20151001	1	0.05	13.851267	0.090836644
20151001	1	0.05	13.265046	0.089832127
20151001	1	0.05	15.941063	0.10232937
20151001	1	0.05	12.514249	0.15692306
20151001	1	0.05	15.396228	0.10008335
20151001	1	0.05	12.637141	0.070224345
20151001	1	0.05	14.618987	0.074304283
20151001	1	0.05	13.125615	0.07488811
20151001	1	0.05	12.899393	0.077481508
20151001	1	0.05	12.003982	0.088405907
20151001	1	0.05	14.530623	0.086589992
20151001	1	0.05	14.734316	0.074952364
20151001	1	0.05	12.02236	0.076286495
20151001	1	0.05	13.806031	0.13547909
20151001	1	0.05	14.166467	0.062278867
20151001	1	0.05	14.169064	0.087492883
20151001	1	0.05	13.28445	0.12325352
20151001	1	0.05	12.273767	0.083549917
20151001	1	0.05	14.908105	0.10126191
20151001	1	0.05	13.490593	0.087637305
20151001	1	0.05	14.064801	0.09519726
20151001	1	0.05	13.298292	0.098523855
20151001	1	0.05	15.957213	0.074168146
20151001	1	0.05	14.848749	0.087060452
20151001	1	0.05	13.744594	0.078982234
20151001	1	0.05	14.306042	0.076198161
20151001	1	0.05	14.269986	0.082989275
20151001	1	0.05	13.234497	0.087537467
20151001	1	0.05	15.249743	0.084764242
20151001	1	0.05	14.038615	0.094944239
20151001	1	0.05	17.545385	0.1400606
20151001	1	0.05	12.666225	0.094038963
20151001	1	0.05	13.131221	0.096973181
20151001	1	0.05	13.103169	0.091417372
20151001	1	0.05	13.509672	0.099673331
20151001	1	0.05	13.904297	0.09072876
20151001	1	0.05	12.467114	0.077210367
20151001	1	0.05	13.381045	0.09464699
20151001	1	0.05	14.3702	0.108163
20151001	1	0.05	13.798034	0.095003426
20151001	1	0.05	15.706195	0.090948761
20151001	1	0.05	13.720478	0.1147818
20151001	1	0.05	14.179448	0.09891814
20151001	1	0.05	15.453482	0.096622765
20151001	1	0.05	16.784367	0.13113505
20151001	1	0.05	14.856181	0.10361695
20151001	1	0.05	15.314754	0.10368854
20151001	1	0.05	12.526005	0.070999265
20151001	1	0.05	16.672182	0.098275244
20151001	1	0.05	17.217247	0.13596934
20151001	1	0.05	12.677841	0.095945418
20151001	1	0.05	13.31212	0.096937478
20151001	1	0.05	12.686545	0.066360891
20151001	1	0.05	14.856181	0.10615903
20151001	1	0.05	13.585723	0.11771834
20151001	1	0.05	13.593846	0.080924094
20151001	1	0.05	14.479888	0.0858922
20151001	1	0.05	11.862137	0.056456029
20151001	1	0.05	13.776682	0.089938045
20151001	1	0.05	15.333963	0.1005953
20151001	1	0.05	13.922809	0.15429837
20151001	1	0.05	14.818983	0.095040202
20151001	1	0.05	10.742169	0.058043063
20151001	1	0.05	12.830748	0.086018443
20151001	1	0.05	12.399044	0.082643867
20151001	1	0.05	12.85367	0.043044269
20151001	1	0.05	15.033458	0.11330479
20151001	1	0.05	14.641623	0.083025515
20151001	1	0.05	12.959159	0.075467765
20151001	1	0.05	16.355778	0.12550575
20151001	1	0.05	14.922907	0.098152578
20151001	1	0.05	13.187147	0.082043648
20151001	1	0.05	13.323172	0.11071324
20151001	1	0.05	15.067686	0.08549577
20151001	1	0.05	15.642811	0.082094252
20151001	1	0.05	12.956319	0.087531328
20151001	1	0.05	14.836354	0.11674923
20151001	1	0.05	14.741806	0.12468314
20151001	1	0.05	12.645874	0.071279705
20151001	1	0.05	12.776142	0.09465158
20151001	1	0.05	11.994782	0.083581388
20151001	1	0.05	15.065244	0.077864051
20151001	1	0.05	13.01865	0.11422396
20151001	1	0.05	14.784179	0.093686044
20151001	1	0.05	14.395783	0.092738032
20151001	1	0.05	14.776711	0.1198011
20151001	1	0.05	13.044064	0.099747241
20151001	1	0.05	13.134023	0.067762911
20151001	1	0.05	12.930733	0.057069838
20151001	1	0.05	11.270401	0.089651048
20151001	1	0.05	13.760648	0.11106873
20151001	1	0.05	11.195057	0.049031317
20151001	1	0.05	13.345248	0.065971673
20151001	1	0.05	12.850807	0.072323024
20151001	1	0.05	12.94211	0.064927995
20151001	1	0.05	15.574445	0.10011274
20151001	1	0.05	14.999151	0.10409528
20151001	1	0.05	15.377096	0.072647631
20151001	1	0.05	12.666225	0.066940606
20151001	1	0.05	14.398339	0.08204335
20151001	1	0.05	11.338757	0.081876934
20151001	1	0.05	14.581183	0.078695714
20151001	1	0.05	12.473016	0.077019215
20151001	1	0.05	13.988726	0.105299
20151001	1	0.05	13.693633	0.081138372
20151001	1	0.05	15.510523	0.074175656
20151001	1	0.05	15.077452	0.090416968
20151001	1	0.05	17.503391	0.11284703
20151001	1	0.05	12.859395	0.091590881
20151001	1	0.05	15.297925	0.1151967
20151001	1	0.05	14.831393	0.10964841
20151001	1	0.05	12.228715	0.073185086
20151001	1	0.05	14.533155	0.10786569
20151001	1	0.05	14.434073	0.095014751
20151001	1	0.05	13.353518	0.078588307
20151001	1	0.05	12.887978	0.078907013
20151001	1	0.05	15.764656	0.11936367
20151001	1	0.05	14.472262	0.088717341
20151001	1	0.05	12.526005	0.078779995
20151001	1	0.05	14.581183	0.074747026
20151001	1	0.05	13.397534	0.10801256
20151001	1	0.05	12.761734	0.079126954
20151001	1	0.05	13.463289	0.079384029
20151001	1	0.05	14.606397	0.10094202
20151001	1	0.05	15.743635	0.13956428
20151001	1	0.05	15.013864	0.10789621
20151001	1	0.05	12.793411	0.08244133
20151001	1	0.05	14.651672	0.078762531
20151001	1	0.05	16.145193	0.09739089
20151001	1	0.05	13.526005	0.065022051
20151001	1	0.05	14.828912	0.10488898
20151001	1	0.05	13.046885	0.081060588
20151001	1	0.05	12.625489	0.079331696
20151001	1	0.05	14.352264	0.11626047
20151001	1	0.05	16.608055	0.12286633
20151001	1	0.05	13.623589	0.082998097
20151001	1	0.05	17.064831	0.10495967
20151001	1	0.05	13.231716	0.097997308
20151001	1	0.05	12.455303	0.081875622
20151001	1	0.05	12.790535	0.074038684
20151001	1	0.05	13.122812	0.10851443
20151001	1	0.05	12.996018	0.069099128
20151001	1	0.05	12.031538	0.087781489
20151001	1	0.05	14.318896	0.1030063
20151001	1	0.05	15.22076	0.095224321
20151001	1	0.05	11.280191	0.09467119
20151001	1	0.05	14.989335	0.07875222
20151001	1	0.05	12.715516	0.066168189
20151001	1	0.05	17.219385	0.10849774
20151001	1	0.05	14.23901	0.091353536
20151001	1	0.05	14.215733	0.086417556
20151001	1	0.05	12.89654	0.088028848
20151001	1	0.05	15.240088	0.086010695
20151001	1	0.05	15.727266	0.093345642
20151001	1	0.05	12.890832	0.091937542
20151001	1	0.05	15.656919	0.11109537
20151001	1	0.05	12.956319	0.086120844
20151001	1	0.05	12.41091	0.052086532
20151001	1	0.05	13.717796	0.09123379
20151001	1	0.05	12.21366	0.077019989
20151001	1	0.05	14.484969	0.086647987
20151001	1	0.05	14.477346	0.096371055
20151001	1	0.05	16.472349	0.10892075
20151001	1	0.05	12.689445	0.07996434
20151001	1	0.05	15.165055	0.084890664
20151001	1	0.05	13.125615	0.13039458
20151001	1	0.05	12.873693	0.11862504
20151001	1	0.05	15.720245	0.097062826
20151001	1	0.05	16.663353	0.12724245
20151001	1	0.05	14.213144	0.10060996
20151001	1	0.05	13.653266	0.099985003
20151001	1	0.05	12.677841	0.077466369
20151001	1	0.05	16.321995	0.093967676
20151001	1	0.05	15.463003	0.12231445
20151001	1	0.05	15.29552	0.097131908
20151001	1	0.05	12.990355	0.075798869
20151001	1	0.05	14.308614	0.075073838
20151001	1	0.05	14.759268	0.082233369
20151001	1	0.05	13.90165	0.10826939
20151001	1	0.05	13.063795	0.076158166
20151001	1	0.05	14.262248	0.079911888
20151001	1	0.05	12.540685	0.098030746
20151001	1	0.05	13.39204	0.14190149
20151001	1	0.05	14.007127	0.082391739
20151001	1	0.05	12.793411	0.081358433
20151001	1	0.05	12.770381	0.10207206
20151001	1	0.05	15.182031	0.10844415
20151001	1	0.05	11.77496	0.077477932
20151001	1	0.05	12.249761	0.019907057
20151001	1	0.05	15.228011	0.096479297
20151001	1	0.05	14.641623	0.10655564
20151001	1	0.05	13.245614	0.077143252
20151001	1	0.05	13.120008	0.060756147
20151001	1	0.05	14.18723	0.11544913
20151001	1	0.05	15.687441	0.11623436
20151001	1	0.05	15.825228	0.085462749
20151001	1	0.05	15.099401	0.07317692
20151001	1	0.05	14.262248	0.11566222
20151001	1	0.05	13.765995	0.09986043
20151001	1	0.05	14.313756	0.085740566
20151001	1	0.05	13.904297	0.10762066
20151001	1	0.05	12.528942	0.1464926
20151001	1	0.05	13.334215	0.078195989
20151001	1	0.05	14.82643	0.080628455
20151001	1	0.05	14.856181	0.10479927
20151001	1	0.05	13.550467	0.063234448
20151001	1	0.05	12.99885	0.072002649
20151001	1	0.05	13.806031	0.08997339
20151001	1	0.05	12.819271	0.10643196
20151001	1	0.05	14.576135	0.098196089
20151001	1	0.05	13.580305	0.078944027
20151001	1	0.05	14.477346	0.081623435
20151001	1	0.05	14.611434	0.078920484
20151001	1	0.05	12.956319	0.082049727
20151001	1	0.05	12.261769	0.084220946
20151001	1	0.05	17.015163	0.11095214
20151001	1	0.05	13.251169	0.062010944
20151001	1	0.05	15.145631	0.093921661
20151001	1	0.05	13.690946	0.088058054
20151001	1	0.05	13.832659	0.074511349
20151001	1	0.05	15.534228	0.096098006
20151001	1	0.05	17.198002	0.15695745
20151001	1	0.05	12.750196	0.084382236
20151001	1	0.05	14.555925	0.10910112
20151001	1	0.05	14.336873	0.11273706
20151001	1	0.05	14.828912	0.092643321
20151001	1	0.05	11.880734	0.082368433
20151001	1	0.05	11.796814	0.071388185
20151001	1	0.05	12.043765	0.061838031
20151001	1	0.05	14.701816	0.097450852
20151001	1	0.05	14.033372	0.081930757
20151001	1	0.05	14.558453	0.11557502
20151001	1	0.05	12.369331	0.097279847
20151001	1	0.05	13.978199	0.090849817
20151001	1	0.05	14.137866	0.086504638
20151001	1	0.05	12.947795	0.074353456
20151001	1	0.05	16.142914	0.083977818
20151001	1	0.05	14.377879	0.085548878
20151001	1	0.05	13.184357	0.013681948
20151001	1	0.05	12.987522	0.084810793
20151001	1	0.05	12.727086	0.093258679
20151001	1	0.05	13.631689	0.10803592
20151001	1	0.05	15.673361	0.12098306
20151001	1	0.05	15.362732	0.097603261
20151001	1	0.05	14.661715	0.10464305
20151001	1	0.05	13.114397	0.089740336
20151001	1	0.05	14.82643	0.11871284
20151001	1	0.05	13.509672	0.090078115
20151001	1	0.05	12.605071	0.069728196
20151001	1	0.05	15.446337	0.10746837
20151001	1	0.05	13.083497	0.1035192
20151001	1	0.05	14.367639	0.096776187
20151001	1	0.05	12.645874	0.08879745
20151001	1	0.05	14.505278	0.10898423
20151001	1	0.05	12.446437	0.10019034
20151001	1	0.05	12.276765	0.065244794
20151001	1	0.05	16.647888	0.15003878
20151001	1	0.05	15.101836	0.083095312
20151001	1	0.05	13.231716	0.065087497
20151001	1	0.05	12.264771	0.088892758
20151001	1	0.05	15.396228	0.10648477
20151001	1	0.05	14.08049	0.065298259
20151001	1	0.05	13.345248	0.067976117
20151001	1	0.05	13.39204	0.19404417
20151001	1	0.05	12.683644	0.078051329
20151001	1	0.05	13.049705	0.074368179
20151001	1	0.05	13.476949	0.085502326
20151001	1	0.05	12.052928	0.078157127
20151001	1	0.05	14.130055	0.080524266
20151001	1	0.05	12.703936	0.090421498
20151001	1	0.05	13.954488	0.089828074
20151001	1	0.05	13.339733	0.11542565
20151001	1	0.05	12.243751	0.076069355
20151001	1	0.05	14.122241	0.092781901
20151001	1	0.05	14.98688	0.099695146
20151001	1	0.05	13.728521	0.089759707
20151001	1	0.05	12.905097	0.077830791
20151001	1	0.05	12.321642	0.094814539
20151001	1	0.05	14.001872	0.085836709
20151001	1	0.05	13.069427	0.078797877
20151001	1	0.05	12.902245	0.071678579
20151001	1	0.05	13.792698	0.077983379
20151001	1	0.05	13.209451	0.073575735
20151001	1	0.05	14.059567	0.092921376
20151001	1	0.05	15.474896	0.084941328
20151001	1	0.05	14.806562	0.10697418
20151001	1	0.05	14.046476	0.090479136
20151001	1	0.05	14.241593	0.097332537
20151001	1	0.05	14.218321	0.12642312
20151001	1	0.05	13.226153	0.065128922
20151001	1	0.05	14.085715	0.085362792
20151001	1	0.05	13.178774	0.11447591
20151001	1	0.05	12.810657	0.076435506
20151001	1	0.05	13.749948	0.11595482
20151001	1	0.05	13.88841	0.086717963
20151001	1	0.05	13.930736	0.089502454
20151001	1	0.05	12.959159	0.10947055
20151001	1	0.05	14.766746	0.080418825
20151001	1	0.05	15.996366	0.088689089
20151001	1	0.05	13.814025	0.11615151
20151001	1	0.05	13.386544	0.082726896
20151001	1	0.05	13.872503	0.10636485
20151001	1	0.05	15.81127	0.13540936
20151001	1	0.05	14.947545	0.12557817
20151001	1	0.05	14.515422	0.10568362
20151001	1	0.05	13.779352	0.070484102
20151001	1	0.05	15.13591	0.082911611
20151001	1	0.05	13.378295	0.097227931
20151001	1	0.05	13.824676	0.10262573
20151001	1	0.05	13.125615	0.10718119
20151001	1	0.05	12.887978	0.085296214
20151001	1	0.05	14.01238	0.080068171
20151001	1	0.05	14.746798	0.11302543
20151001	1	0.05	13.811361	0.014872611
20151001	1	0.05	15.708538	0.12896019
20151001	1	0.05	14.954928	0.097797155
20151001	1	0.05	12.907948	0.078406453
20151001	1	0.05	12.672034	0.10605341
20151001	1	0.05	12.776142	0.069300473
20151001	1	0.05	11.019476	0.064583957
20151001	1	0.05	11.665072	0.06517905
20151001	1	0.05	14.352264	0.12057447
20151001	1	0.05	13.835319	0.10344476
20151001	1	0.05	15.1893	0.076560438
20151001	1	0.05	14.915508	0.090704978
20151001	1	0.05	15.27867	0.089541852
20151001	1	0.05	12.944953	0.065504014
20151001	1	0.05	16.012459	0.10808045
20151001	1	0.05	14.771729	0.090198398
20151001	1	0.05	16.0446	0.11915058
20151001	1	0.05	13.075057	0.072837234
20151001	1	0.05	12.862256	0.077979386
20151001	1	0.05	13.100361	0.11528188
20151001	1	0.05	14.456999	0.096879959
20151001	1	0.05	13.134023	0.089054704
20151001	1	0.05	12.944953	0.072421312
20151001	1	0.05	14.804077	0.10756195
20151001	1	0.05	14.611434	0.10683811
20151001	1	0.05	15.065244	0.090976119
20151001	1	0.05	13.117203	0.076752365
20151001	1	0.05	14.746798	0.11232609
20151001	1	0.05	13.792698	0.12749046
20151001	1	0.05	12.755965	0.10149992
20151001	1	0.05	13.824676	0.097249031
20151001	1	0.05	15.455862	0.10295773
20151001	1	0.05	13.383795	0.088564992
20151001	1	0.05	13.877807	0.076970875
20151001	1	0.05	12.770381	0.07691735
20151001	1	0.05	14.935231	0.13961703
20151001	1	0.05	14.947545	0.10943741
20151001	1	0.05	15.096963	0.11065429
20151001	1	0.05	13.946574	0.07993567
20151001	1	0.05	12.933578	0.10886133
20151001	1	0.05	16.328758	0.069912672
20151001	1	0.05	13.824676	0.094737351
20151001	1	0.05	13.531445	0.089663208
20151001	1	0.05	12.990355	0.083232164
20151001	1	0.05	14.393228	0.12096107
20151001	1	0.05	14.734316	0.1047346
20151001	1	0.05	12.528942	0.074776173
20151001	1	0.05	9.6218662	0.015482068
20151001	1	0.05	11.859035	0.083607912
20151001	1	0.05	16.292662	0.086875856
20151001	1	0.05	13.381045	0.10268939
20151001	1	0.05	12.575846	0.08824712
20151001	1	0.05	14.41877	0.090206027
20151001	1	0.05	15.436805	0.12079287
20151001	1	0.05	15.911027	0.10714257
20151001	1	0.05	15.011413	0.10095829
20151001	1	0.05	13.972934	0.11259663
20151001	1	0.05	14.999151	0.14235294
20151001	1	0.05	12.870835	0.10762775
20151001	1	0.05	12.037653	0.12025905
20151001	1	0.05	16.076675	0.1191346
20151001	1	0.05	14.474804	0.080400348
20151001	1	0.05	14.507814	0.090557814
20151001	1	0.05	13.021476	0.080416203
20151001	1	0.05	12.613826	0.066411436
20151001	1	0.05	13.170395	0.090966761
20151001	1	0.05	13.993986	0.087296188
20151001	1	0.05	13.356273	0.084231317
20151001	1	0.05	14.001872	0.08992213
20151001	1	0.05	14.316326	0.093169868
20151001	1	0.05	14.156074	0.10927612
20151001	1	0.05	13.853923	0.085169196
20151001	1	0.05	13.983463	0.089272141
20151001	1	0.05	16.092688	0.10127628
20151001	1	0.05	14.996698	0.096810699
20151001	1	0.05	12.416838	0.0781551
20151001	1	0.05	14.528091	0.12237567
20151001	1	0.05	14.676765	0.093054771
20151001	1	0.05	14.922907	0.094371498
20151001	1	0.05	15.794971	0.10504121
20151001	1	0.05	16.703054	0.12484926
20151001	1	0.05	13.455088	0.11331546
20151001	1	0.05	14.721824	0.10110825
20151001	1	0.05	12.799162	0.071262598
20151001	1	0.05	13.314884	0.093069792
20151001	1	0.05	11.503072	0.086297333
20151001	1	0.05	15.121316	0.10415399
20151001	1	0.05	12.802037	0.094811201
20151001	1	0.05	12.104716	0.1033023
20151001	1	0.05	13.853923	0.07875526
20151001	1	0.05	11.942517	0.069370687
20151001	1	0.05	14.259668	0.096457601
20151001	1	0.05	14.423873	0.086575687
20151001	1	0.05	14.119636	0.097360194
20151001	1	0.05	12.882266	0.090995371
20151001	1	0.05	13.811361	0.089323223
20151001	1	0.05	15.663967	0.12892228
20151001	1	0.05	9.9564095	0.016703784
20151001	1	0.05	12.648783	0.059463084
20151001	1	0.05	14.020255	0.0985412
20151001	1	0.05	16.017056	0.10474139
20151001	1	0.05	12.14417	0.067705631
20151001	1	0.05	14.3497	0.085388899
20151001	1	0.05	13.607373	0.090528369
20151001	1	0.05	12.243751	0.10649568
20151001	1	0.05	16.16114	0.19325787
20151001	1	0.05	16.956675	0.13395619
20151001	1	0.05	15.792642	0.0954656
20151001	1	0.05	12.712623	0.086197019
20151001	1	0.05	13.471487	0.098728716
20151001	1	0.05	12.944953	0.07542336
20151001	1	0.05	13.864543	0.088935435
20151001	1	0.05	14.525558	0.084846377
20151001	1	0.05	13.639784	0.080289245
20151001	1	0.05	14.444267	0.074524343
20151001	1	0.05	15.348354	0.079842806
20151001	1	0.05	16.026241	0.14205903
20151001	1	0.05	13.28168	0.07610482
20151001	1	0.05	13.405771	0.10242987
20151001	1	0.05	13.012996	0.079821467
20151001	1	0.05	15.493907	0.077359736
20151001	1	0.05	13.68019	0.072399318
20151001	1	0.05	14.041236	0.086069167
20151001	1	0.05	14.244177	0.10104227
20151001	1	0.05	14.54075	0.092546344
20151001	1	0.05	14.464632	0.086934447
20151001	1	0.05	13.100361	0.086718023
20151001	1	0.05	15.843818	0.10683167
20151001	1	0.05	12.862256	0.079166532
20151001	1	0.05	13.455088	0.095380425
20151001	1	0.05	12.939266	0.094620049
20151001	1	0.05	12.279762	0.091123343
20151001	1	0.05	9.0706806	0.050260663
20151001	1	0.05	14.786668	0.071745396
20151001	1	0.05	14.601357	0.085757434
20151001	1	0.05	14.54581	0.14270276
20151001	1	0.05	13.933376	0.083456218
20151001	1	0.05	13.588431	0.090119421
20151001	1	0.05	15.213506	0.091899276
20151001	1	0.05	15.717905	0.086682141
20151001	1	0.05	14.163869	0.10066044
20151001	1	0.05	14.179448	0.10520685
20151001	1	0.05	12.031538	0.061975718
20151001	1	0.05	20.502796	0.14399791
20151001	1	0.05	13.444144	0.089603484
20151001	1	0.05	13.345248	0.12038678
20151001	1	0.05	12.165361	0.077855468
20151001	1	0.05	16.249695	0.11387008
20151001	1	0.05	13.517841	0.085558832
20151001	1	0.05	12.413874	0.061383247
20151001	1	0.05	14.954928	0.089796424
20151001	1	0.05	16.092688	0.093452275
20151001	1	0.05	15.694477	0.076331019
20151001	1	0.05	12.82501	0.086258829
20151001	1	0.05	14.716825	0.086882949
20151001	1	0.05	13.353518	0.086544514
20151001	1	0.05	16.678802	0.11819452
20151001	1	0.05	13.585723	0.11438316
20151001	1	0.05	15.043245	0.096320331
20151001	1	0.05	14.974599	0.093360126
20151001	1	0.05	14.004499	0.1009376
20151001	1	0.05	18.006994	0.13184351
20151001	1	0.05	14.321465	0.075764954
20151001	1	0.05	14.434073	0.12368327
20151001	1	0.05	14.182043	0.087893009
20151001	1	0.05	14.179448	0.14759213
20151001	1	0.05	15.101836	0.11058372
20151001	1	0.05	13.957124	0.079188228
20151001	1	0.05	13.707063	0.11073637
20151001	1	0.05	15.479651	0.098255038
20151001	1	0.05	13.631689	0.097135544
20151001	1	0.05	14.3497	0.10150063
20151001	1	0.05	13.872503	0.079074919
20151001	1	0.05	15.616915	0.068005323
20151001	1	0.05	13.201092	0.083759487
20151001	1	0.05	13.843295	0.080300808
20151001	1	0.05	13.100361	0.06989646
20151001	1	0.05	12.243751	0.12080288
20151001	1	0.05	14.388113	0.11601543
20151001	1	0.05	14.359954	0.10153115
20151001	1	0.05	14.967226	0.079574227
20151001	1	0.05	13.195516	0.0824368
20151001	1	0.05	15.825228	0.13620687
20151001	1	0.05	16.641256	0.1001603
20151001	1	0.05	15.053027	0.087952673
20151001	1	0.05	14.137866	0.10128289
20151001	1	0.05	12.080373	0.057637751
20151001	1	0.05	13.709746	0.11195719
20151001	1	0.05	14.696809	0.077589095
20151001	1	0.05	12.34849	0.11388159
20151001	1	0.05	13.906943	0.1043483
20151001	1	0.05	13.569462	0.10362673
20151001	1	0.05	15.355545	0.10553288
20151001	1	0.05	11.419599	0.0061922669
20151001	1	0.05	15.377096	0.094997764
20151001	1	0.05	15.079892	0.12090409
20151001	1	0.05	13.8007	0.090870738
20151001	1	0.05	12.873693	0.082039356
20151001	1	0.05	13.56675	0.092265725
20151001	1	0.05	13.306591	0.087600291
20151001	1	0.05	16.174795	0.090492368
20151001	1	0.05	16.956675	0.15738416
20151001	1	0.05	12.452348	0.08615458
20151001	1	0.05	13.150822	0.079827428
20151001	1	0.05	13.501498	0.087388575
20151001	1	0.05	15.931827	0.14035732
20151001	1	0.05	14.631567	0.11269313
20151001	1	0.05	13.896356	0.085231185
20151001	1	0.05	13.416746	0.10800779
20151001	1	0.05	15.424882	0.10518587
20151001	1	0.05	14.390671	0.10456085
20151001	1	0.05	13.688258	0.093169689
20151001	1	0.05	15.794971	0.095174432
20151001	1	0.05	16.755842	0.12140208
20151001	1	0.05	12.502481	0.091303766
20151001	1	0.05	13.055343	0.061717331
20151001	1	0.05	14.731818	0.1149103
20151001	1	0.05	14.098772	0.086359084
20151001	1	0.05	14.359954	0.097246051
20151001	1	0.05	12.63423	0.13126719
20151001	1	0.05	12.732867	0.077411711
20151001	1	0.05	13.86985	0.078168988
20151001	1	0.05	14.714324	0.089650869
20151001	1	0.05	14.264828	0.11116797
20151001	1	0.05	15.365127	0.10722882
20151001	1	0.05	14.586228	0.089947402
20151001	1	0.05	12.755965	0.068153322
20151001	1	0.05	15.755317	0.11774594
20151001	1	0.05	13.091931	0.10545635
20151001	1	0.05	14.618987	0.11447555
20151001	1	0.05	13.295525	0.071968555
20151001	1	0.05	12.564136	0.075582266
20151001	1	0.05	16.174795	0.092669249
20151001	1	0.05	14.469719	0.089512289
20151001	1	0.05	15.439188	0.091321409
20151001	1	0.05	14.37532	0.097056031
20151001	1	0.05	13.058161	0.11047512
20151001	1	0.05	12.558277	0.086221099
20151001	1	0.05	12.78478	0.1006496
20151001	1	0.05	14.828912	0.072887361
20151001	1	0.05	16.16114	0.12324536
20151001	1	0.05	12.162336	0.082836688
20151001	1	0.05	13.760648	0.083923936
20151001	1	0.05	13.178774	0.079993784
20151001	1	0.05	12.663321	0.091826022
20151001	1	0.05	15.1893	0.10339886
20151001	1	0.05	15.165055	0.094225883
20151001	1	0.05	13.954488	0.080683827
20151001	1	0.05	14.098772	0.095320642
20151001	1	0.05	13.972934	0.11038524
20151001	1	0.05	12.666225	0.079824567
20151001	1	0.05	12.34551	0.081464112
20151001	1	0.05	15.548434	0.10239381
20151001	1	0.05	12.02848	0.085719168
20151001	1	0.05	15.52238	0.1053406
20151001	1	0.05	13.642482	0.10181457
20151001	1	0.05	14.117029	0.10840088
20151001	1	0.05	14.038615	0.093332171
20151001	1	0.05	13.029951	0.081764042
20151001	1	0.05	12.961998	0.083503842
20151001	1	0.05	15.355545	0.10129553
20151001	1	0.05	15.249743	0.068830729
20151001	1	0.05	12.031538	0.086442292
20151001	1	0.05	14.161271	0.093310237
20151001	1	0.05	13.965031	0.082630932
20151001	1	0.05	12.567064	0.0559479
20151001	1	0.05	14.41877	0.084876895
20151001	1	0.05	13.71243	0.094469547
20151001	1	0.05	13.672119	0.084515333
20151001	1	0.05	11.902394	0.070874572
20151001	1	0.05	13.983463	0.081544757
20151001	1	0.05	14.950006	0.081126153
20151001	1	0.05	14.13266	0.092025697
20151001	1	0.05	13.386544	0.096119106
20151001	1	0.05	14.766746	0.078919828
20151001	1	0.05	13.433191	0.094244659
20151001	1	0.05	17.281244	0.13624746
20151001	1	0.05	14.814015	0.10022771
20151001	1	0.05	16.610271	0.12421316
20151001	1	0.05	16.192984	0.10855854
20151001	1	0.05	14.571085	0.13564235
20151001	1	0.05	12.987522	0.089710295
20151001	1	0.05	13.336974	0.0842098
20151001	1	0.05	11.749933	0.067484915
20151001	1	0.05	15.314754	0.081409693
20151001	1	0.05	15.689787	0.082784176
20151001	1	0.05	14.145672	0.08391881
20151001	1	0.05	16.834713	0.1145367
20151001	1	0.05	14.977057	0.10122645
20151001	1	0.05	14.30347	0.08611542
20151001	1	0.05	13.787361	0.08847928
20151001	1	0.05	14.63911	0.093634546
20151001	1	0.05	12.6546	0.076168299
20151001	1	0.05	12.514249	0.13916522
20151001	1	0.05	12.899393	0.13350934
20151001	1	0.05	14.001872	0.097300708
20151001	1	0.05	12.885122	0.099214315
20151001	1	0.05	13.28168	0.070503116
20151001	1	0.05	13.00168	0.064153135
20151001	1	0.05	14.636596	0.086611748
20151001	1	0.05	15.422496	0.080649078
20151001	1	0.05	14.611434	0.10550821
20151001	1	0.05	14.666733	0.093197584
20151001	1	0.05	11.503072	0.071496546
20151001	1	0.05	13.555897	0.096972883
20151001	1	0.05	14.950006	0.093458891
20151001	1	0.05	12.531878	0.075616777
20151001	1	0.05	14.70682	0.089564145
20151001	1	0.05	13.920166	0.13494301
20151001	1	0.05	12.065133	0.080801964
20151001	1	0.05	13.16201	0.088740528
20151001	1	0.05	12.270769	0.095461726
20151001	1	0.05	14.288026	0.087657213
20151001	1	0.05	13.405771	0.086552501
20151001	1	0.05	13.203878	0.091652989
20151001	1	0.05	13.498773	0.067817688
20151001	1	0.05	14.525558	0.10358989
20151001	1	0.05	13.856579	0.10358733
20151001	1	0.05	12.933578	0.098713994
20151001	1	0.05	11.57959	0.077167034
20151001	1	0.05	13.038421	0.094288707
20151001	1	0.05	14.288026	0.095813394
20151001	1	0.05	12.625489	0.087493241
20151001	1	0.05	17.497082	0.097248316
20151001	1	0.05	16.206614	0.098951817
20151001	1	0.05	14.651672	0.13066143
20151001	1	0.05	14.601357	0.11577547
20151001	1	0.05	16.276846	0.094299376
20151001	1	0.05	13.986095	0.1292907
20151001	1	0.05	10.871557	0.01239121
20151001	1	0.05	18.20413	0.12359899
20151001	1	0.05	15.326762	0.09022212
20151001	1	0.05	16.090403	0.14034802
20151001	1	0.05	12.41091	0.097577929
20151001	1	0.05	15.087211	0.10299599
20151001	1	0.05	13.739239	0.11266923
20151001	1	0.05	15.927207	0.10173464
20151001	1	0.05	15.685096	0.10453528
20151001	1	0.05	17.032455	0.086719573
20151001	1	0.05	15.590975	0.14443105
20151001	1	0.05	13.251169	0.068564653
20151001	1	0.05	13.122812	0.092872441
20151001	1	0.05	13.289989	0.11876315
20151001	1	0.05	13.400281	0.10141432
20151001	1	0.05	16.736065	0.1360209
20151001	1	0.05	14.477346	0.087658644
20151001	1	0.05	13.029951	0.094286561
20151001	1	0.05	13.610078	0.0783481
20151001	1	0.05	12.642963	0.090368569
20151001	1	0.05	14.937695	0.1055814
20151001	1	0.05	13.634388	0.068942368
20151001	1	0.05	18.058008	0.058978736
20151001	1	0.05	12.907948	0.08496207
20151001	1	0.05	12.049874	0.086019933
20151001	1	0.05	12.288749	0.083265245
20151001	1	0.05	13.414003	0.074622869
20151001	1	0.05	13.468755	0.090075254
20151001	1	0.05	12.845079	0.093791544
20151001	1	0.05	11.902394	0.065821767
20151001	1	0.05	15.607487	0.088715672
20151001	1	0.05	14.796618	0.12614799
20151001	1	0.05	14.439172	0.089933693
20151001	1	0.05	14.324035	0.2031253
20151001	1	0.05	12.53775	0.083142698
20151001	1	0.05	14.838834	0.10225987
20151001	1	0.05	14.308614	0.11634147
20151001	1	0.05	15.050582	0.091638684
20151001	1	0.05	13.375544	0.094594538
20151001	1	0.05	13.159214	0.095365882
20151001	1	0.05	12.66913	0.099430621
20151001	1	0.05	14.989335	0.099629998
20151001	1	0.05	12.976184	0.09099704
20151001	1	0.05	12.086463	0.071209788
20151001	1	0.05	15.099401	0.11390001
20151001	1	0.05	14.908105	0.092887998
20151001	1	0.05	12.138108	0.088259697
20151001	1	0.05	15.271443	0.093902647
20151001	1	0.05	13.046885	0.080259442
20151001	1	0.05	15.5437	0.098188579
20151001	1	0.05	13.015823	0.083193719
20151001	1	0.05	14.591273	0.098036528
20151001	1	0.05	14.13266	0.14928985
20151001	1	0.05	13.501498	0.092102468
20151001	1	0.05	12.511309	0.097272813
20151001	1	0.05	16.263275	0.074927986
20151001	1	0.05	13.476949	0.067939222
20151001	1	0.05	16.636833	0.1053589
20151001	1	0.05	13.972934	0.096282303
20151001	1	0.05	16.503593	0.090423644
20151001	1	0.05	17.581001	0.10086805
20151001	1	0.05	10.982683	0.054407716
20151001	1	0.05	14.075262	0.092333496
20151001	1	0.05	12.228715	0.048740923
20151001	1	0.05	15.033458	0.085033834
20151001	1	0.05	13.400281	0.090925872
20151001	1	0.05	13.063795	0.099743485
20151001	1	0.05	13.634388	0.083032072
20151001	1	0.05	12.810657	0.092749834
20151001	1	0.05	14.062184	0.077004015
20151001	1	0.05	14.321465	0.12052679
20151001	1	0.05	13.353518	0.098856151
20151001	1	0.05	15.035905	0.096549153
20151001	1	0.05	15.27867	0.16060811
20151001	1	0.05	15.415336	0.10993576
20151001	1	0.05	13.350761	0.090153813
20151001	1	0.05	14.626536	0.090232372
20151001	1	0.05	14.694304	0.11864644
20151001	1	0.05	13.853923	0.0892362
20151001	1	0.05	14.451908	0.090082467
20151001	1	0.05	14.244177	0.079652548
20151001	1	0.05	15.493907	0.1050365
20151001	1	0.05	14.523025	0.096522272
20151001	1	0.05	14.192417	0.077013493
20151001	1	0.05	14.56856	0.085134923
