Date IfLatB Conc DiameterA_um Def
20151001	0	0.01	13.262272	0.056086659
20151001	0	0.01	12.873693	0.066803753
20151001	0	0.01	12.873693	0.066803753
20151001	0	0.01	12.773262	0.058733344
20151001	0	0.01	12.602152	0.071477354
20151001	0	0.01	13.954488	0.073503077
20151001	0	0.01	15.689787	0.09087199
20151001	0	0.01	13.515119	0.04980427
20151001	0	0.01	16.532553	0.061680913
20151001	0	0.01	12.428685	0.04156208
20151001	0	0.01	14.900699	0.065574944
20151001	0	0.01	15.314754	0.07542485
20151001	0	0.01	13.896356	0.056122541
20151001	0	0.01	13.128419	0.068414986
20151001	0	0.01	13.350761	0.083037436
20151001	0	0.01	15.609843	0.064307034
20151001	0	0.01	13.091931	0.077758551
20151001	0	0.01	12.065133	0.056730628
20151001	0	0.01	13.325933	0.07378298
20151001	0	0.01	13.375544	0.074531734
20151001	0	0.01	13.73656	0.061773777
20151001	0	0.01	11.92093	0.058075666
20151001	0	0.01	12.101676	0.068813264
20151001	0	0.01	14.213144	0.091009915
20151001	0	0.01	15.666316	0.072020292
20151001	0	0.01	12.799162	0.077115774
20151001	0	0.01	12.150229	0.058106184
20151001	0	0.01	14.262248	0.062286854
20151001	0	0.01	14.996698	0.075065911
20151001	0	0.01	12.520128	0.044035614
20151001	0	0.01	12.297729	0.067960382
20151001	0	0.01	13.259497	0.05150646
20151001	0	0.01	11.668226	0.12166691
20151001	0	0.01	16.847824	0.093067288
20151001	0	0.01	15.857746	0.085774601
20151001	0	0.01	16.026241	0.071435213
20151001	0	0.01	16.579227	0.086451411
20151001	0	0.01	14.40345	0.073966384
20151001	0	0.01	13.79003	0.067732573
20151001	0	0.01	13.925451	0.082780898
20151001	0	0.01	13.763322	0.082415044
20151001	0	0.01	15.890199	0.069901824
20151001	0	0.01	14.477346	0.049036622
20151001	0	0.01	13.189938	0.068535745
20151001	0	0.01	14.888347	0.062520921
20151001	0	0.01	14.67175	0.089838862
20151001	0	0.01	14.01238	0.073220789
20151001	0	0.01	13.490593	0.067908227
20151001	0	0.01	12.819271	0.063807249
20151001	0	0.01	14.641623	0.073662162
20151001	0	0.01	12.321642	0.077605188
20151001	0	0.01	16.08354	0.080180049
20151001	0	0.01	14.651672	0.074259877
20151001	0	0.01	14.917974	0.070779681
20151001	0	0.01	14.051714	0.064439535
20151001	0	0.01	12.779022	0.063228309
20151001	0	0.01	13.080684	0.071166754
20151001	0	0.01	14.959848	0.11237639
20151001	0	0.01	13.983463	0.072192252
20151001	0	0.01	12.645874	0.057716846
20151001	0	0.01	13.623589	0.082795978
20151001	0	0.01	13.601964	0.056079805
20151001	0	0.01	14.520491	0.092160881
20151001	0	0.01	13.159214	0.065929174
20151001	0	0.01	15.259392	0.059547782
20151001	0	0.01	12.419801	0.071730494
20151001	0	0.01	14.571085	0.084087908
20151001	0	0.01	14.479888	0.074732244
20151001	0	0.01	12.520128	0.047248185
20151001	0	0.01	13.066611	0.058021605
20151001	0	0.01	14.833874	0.086200953
20151001	0	0.01	15.106709	0.081489444
20151001	0	0.01	13.306591	0.064129531
20151001	0	0.01	14.161271	0.070436835
20151001	0	0.01	14.895759	0.060823381
20151001	0	0.01	14.984425	0.079569817
20151001	0	0.01	15.379489	0.078756273
20151001	0	0.01	13.273366	0.076578319
20151001	0	0.01	14.492589	0.069884717
20151001	0	0.01	11.991714	0.054109752
20151001	0	0.01	14.898229	0.056095421
20151001	0	0.01	15.586254	0.057401597
20151001	0	0.01	14.550868	0.077885687
20151001	0	0.01	14.684285	0.063595057
20151001	0	0.01	11.893116	0.058424413
20151001	0	0.01	13.752624	0.073393881
20151001	0	0.01	15.365127	0.095695138
20151001	0	0.01	12.034595	0.077713728
20151001	0	0.01	13.400281	0.067080081
20151001	0	0.01	15.288301	0.052785039
20151001	0	0.01	15.666316	0.077253103
20151001	0	0.01	13.256721	0.060187995
20151001	0	0.01	12.246756	0.072808325
20151001	0	0.01	13.779352	0.096419752
20151001	0	0.01	15.588614	0.083178282
20151001	0	0.01	11.145645	0.045287669
20151001	0	0.01	11.787453	0.055478036
20151001	0	0.01	13.829998	0.090492845
20151001	0	0.01	13.256721	0.073251843
20151001	0	0.01	12.692345	0.095922232
20151001	0	0.01	12.922193	0.10343778
20151001	0	0.01	12.264771	0.069718122
20151001	0	0.01	12.981854	0.061307669
20151001	0	0.01	14.077876	0.081794024
20151001	0	0.01	12.790535	0.064267099
20151001	0	0.01	14.598837	0.10612798
20151001	0	0.01	13.01865	0.065069079
20151001	0	0.01	13.755299	0.050963402
20151001	0	0.01	13.634388	0.085943997
20151001	0	0.01	13.452353	0.077087283
20151001	0	0.01	14.004499	0.072028339
20151001	0	0.01	13.145225	0.060626447
20151001	0	0.01	15.174758	0.059184253
20151001	0	0.01	15.553167	0.094695449
20151001	0	0.01	16.104116	0.072133183
20151001	0	0.01	12.381225	0.046773434
20151001	0	0.01	12.540685	0.047785699
20151001	0	0.01	12.833615	0.081038415
20151001	0	0.01	13.596553	0.076883912
20151001	0	0.01	16.16114	0.061330795
20151001	0	0.01	14.059567	0.082049549
20151001	0	0.01	12.60799	0.07317251
20151001	0	0.01	14.77422	0.082983911
20151001	0	0.01	13.097551	0.06643343
20151001	0	0.01	13.690946	0.077320993
20151001	0	0.01	14.709322	0.099168837
20151001	0	0.01	12.936422	0.069985569
20151001	0	0.01	13.779352	0.073935449
20151001	0	0.01	14.868561	0.089835107
20151001	0	0.01	13.103169	0.047943771
20151001	0	0.01	13.301059	0.057440758
20151001	0	0.01	15.269034	0.094782293
20151001	0	0.01	15.422496	0.077358663
20151001	0	0.01	11.734264	0.067370772
20151001	0	0.01	13.278909	0.061515927
20151001	0	0.01	14.441719	0.094619036
20151001	0	0.01	12.183496	0.061908424
20151001	0	0.01	12.077327	0.056403399
20151001	0	0.01	14.267407	0.071198702
20151001	0	0.01	17.066988	0.087154984
20151001	0	0.01	12.375279	0.05964613
20151001	0	0.01	12.30969	0.060755968
20151001	0	0.01	15.968738	0.077090502
20151001	0	0.01	10.868172	0.011136532
20151001	0	0.01	13.303825	0.065364718
20151001	0	0.01	11.831076	0.079753041
20151001	0	0.01	11.072775	0.07098031
20151001	0	0.01	13.517841	0.061739564
20151001	0	0.01	14.251925	0.060385227
20151001	0	0.01	13.145225	0.061873674
20151001	0	0.01	15.302735	0.099005759
20151001	0	0.01	13.506948	0.067376137
20151001	0	0.01	14.751787	0.070505023
20151001	0	0.01	14.046476	0.074641109
20151001	0	0.01	13.007339	0.041731298
20151001	0	0.01	12.458257	0.045998096
20151001	0	0.01	18.167711	0.061279058
20151001	0	0.01	13.688258	0.076437235
20151001	0	0.01	14.041236	0.069784284
20151001	0	0.01	14.616469	0.095302045
20151001	0	0.01	17.257805	0.08964026
20151001	0	0.01	13.653266	0.078976333
20151001	0	0.01	15.5437	0.079525709
20151001	0	0.01	17.425434	0.085714877
20151001	0	0.01	12.890832	0.071635425
20151001	0	0.01	13.206664	0.085691869
20151001	0	0.01	13.150822	0.08291775
20151001	0	0.01	13.253945	0.038868964
20151001	0	0.01	15.319558	0.083469093
20151001	0	0.01	16.832527	0.096657157
20151001	0	0.01	12.839349	0.066489637
20151001	0	0.01	14.174257	0.10030603
20151001	0	0.01	13.184357	0.062600374
20151001	0	0.01	12.804911	0.047632217
20151001	0	0.01	13.835319	0.066234946
20151001	0	0.01	13.999244	0.063095212
20151001	0	0.01	13.405771	0.041979253
20151001	0	0.01	12.481863	0.057296991
20151001	0	0.01	12.26777	0.051403999
20151001	0	0.01	13.044064	0.037468374
20151001	0	0.01	12.279762	0.061929047
20151001	0	0.01	16.382751	0.10872334
20151001	0	0.01	13.463289	0.079329014
20151001	0	0.01	13.397534	0.063109696
20151001	0	0.01	14.329171	0.085501134
20151001	0	0.01	13.954488	0.07812053
20151001	0	0.01	18.096684	0.10958225
20151001	0	0.01	11.734264	0.031836212
20151001	0	0.01	15.381882	0.072509289
20151001	0	0.01	14.669242	0.070245743
20151001	0	0.01	14.756775	0.095935285
20151001	0	0.01	13.564037	0.073750854
20151001	0	0.01	11.677683	0.04999727
20151001	0	0.01	16.825968	0.081520498
20151001	0	0.01	12.372306	0.070414066
20151001	0	0.01	12.75885	0.070822954
20151001	0	0.01	13.122812	0.088948727
20151001	0	0.01	12.873693	0.04983592
20151001	0	0.01	11.671379	0.064071596
20151001	0	0.01	12.059032	0.056823254
20151001	0	0.01	13.479679	0.053305805
20151001	0	0.01	12.610909	0.074635863
20151001	0	0.01	12.738646	0.047982097
20151001	0	0.01	12.306702	0.06231463
20151001	0	0.01	12.440522	0.05361855
20151001	0	0.01	14.197602	0.075675786
20151001	0	0.01	12.407944	0.077252626
20151001	0	0.01	16.525875	0.081714332
20151001	0	0.01	13.779352	0.062846303
20151001	0	0.01	12.422763	0.069964886
20151001	0	0.01	13.192726	0.061014652
20151001	0	0.01	12.947795	0.071906388
20151001	0	0.01	14.318896	0.055120766
20151001	0	0.01	14.866086	0.083500445
20151001	0	0.01	14.520491	0.082099319
20151001	0	0.01	13.245614	0.065750599
20151001	0	0.01	14.161271	0.083112478
20151001	0	0.01	11.849722	0.068311751
20151001	0	0.01	14.571085	0.05833751
20151001	0	0.01	12.422763	0.079431951
20151001	0	0.01	13.342491	0.058082521
20151001	0	0.01	12.490704	0.052563965
20151001	0	0.01	12.796288	0.062313616
20151001	0	0.01	13.787361	0.059858143
20151001	0	0.01	13.364535	0.055551469
20151001	0	0.01	15.276262	0.076424301
20151001	0	0.01	13.883109	0.077782094
20151001	0	0.01	15.038352	0.064793825
20151001	0	0.01	14.669242	0.083418846
20151001	0	0.01	13.32041	0.074167788
20151001	0	0.01	14.24676	0.062455416
20151001	0	0.01	14.550868	0.083767951
20151001	0	0.01	13.835319	0.07197988
20151001	0	0.01	12.616742	0.068041444
20151001	0	0.01	14.436623	0.062844694
20151001	0	0.01	13.653266	0.063572109
20151001	0	0.01	13.709746	0.064364076
20151001	0	0.01	14.007127	0.085505903
20151001	0	0.01	13.95185	0.059229553
20151001	0	0.01	10.572991	0.033836305
20151001	0	0.01	11.721714	0.059880435
20151001	0	0.01	12.637141	0.064582646
20151001	0	0.01	13.906943	0.067004383
20151001	0	0.01	13.837977	0.073304594
20151001	0	0.01	12.833615	0.035863996
20151001	0	0.01	12.596311	0.074217021
20151001	0	0.01	12.378252	0.065555513
20151001	0	0.01	14.390671	0.05844593
20151001	0	0.01	12.07428	0.065854132
20151001	0	0.01	13.523284	0.05828166
20151001	0	0.01	13.752624	0.077048957
20151001	0	0.01	16.08354	0.095315158
20151001	0	0.01	14.054333	0.085912347
20151001	0	0.01	12.351469	0.055552304
20151001	0	0.01	13.68288	0.055623412
20151001	0	0.01	13.231716	0.063866138
20151001	0	0.01	12.689445	0.059508204
20151001	0	0.01	12.773262	0.059722602
20151001	0	0.01	14.789156	0.083112478
20151001	0	0.01	13.607373	0.075398862
20151001	0	0.01	12.993187	0.07164979
20151001	0	0.01	14.922907	0.043941021
20151001	0	0.01	12.836483	0.085386217
20151001	0	0.01	12.416838	0.059737861
20151001	0	0.01	12.642963	0.077901185
20151001	0	0.01	12.677841	0.067936897
20151001	0	0.01	14.925373	0.087017775
20151001	0	0.01	12.101676	0.029985547
20151001	0	0.01	14.380439	0.07340914
20151001	0	0.01	15.631045	0.087200522
20151001	0	0.01	13.628989	0.05920136
20151001	0	0.01	13.416746	0.066622198
20151001	0	0.01	13.591139	0.068768203
20151001	0	0.01	15.314754	0.084815025
20151001	0	0.01	11.771834	0.062496781
20151001	0	0.01	15.576808	0.077246666
20151001	0	0.01	12.452348	0.056600869
20151001	0	0.01	13.083497	0.066692472
20151001	0	0.01	12.89654	0.057433248
20151001	0	0.01	13.361781	0.074124873
20151001	0	0.01	15.841496	0.077470839
20151001	0	0.01	13.558611	0.081075668
20151001	0	0.01	13.71243	0.079904437
20151001	0	0.01	15.160201	0.075279057
20151001	0	0.01	12.738646	0.050781369
20151001	0	0.01	12.119906	0.053682506
20151001	0	0.01	16.000965	0.10583681
20151001	0	0.01	12.770381	0.07779932
20151001	0	0.01	15.067686	0.10517716
20151001	0	0.01	16.179344	0.089263737
20151001	0	0.01	13.342491	0.05882138
20151001	0	0.01	11.016136	0.049222231
20151001	0	0.01	13.309356	0.043402135
20151001	0	0.01	13.596553	0.068841398
20151001	0	0.01	13.664042	0.067107797
20151001	0	0.01	17.733131	0.093112826
20151001	0	0.01	13.986095	0.11407548
20151001	0	0.01	12.66913	0.056818545
20151001	0	0.01	15.88325	0.12809658
20151001	0	0.01	13.220588	0.06449312
20151001	0	0.01	12.666225	0.058214605
20151001	0	0.01	12.961998	0.088595986
20151001	0	0.01	15.096963	0.10701829
20151001	0	0.01	13.936017	0.089444101
20151001	0	0.01	14.290601	0.080859423
20151001	0	0.01	17.193722	0.086389124
20151001	0	0.01	12.802037	0.075390935
20151001	0	0.01	12.922193	0.057885885
20151001	0	0.01	12.470065	0.058102965
20151001	0	0.01	14.020255	0.072864652
20151001	0	0.01	13.032775	0.051271975
20151001	0	0.01	14.94262	0.100676
20151001	0	0.01	14.001872	0.072482288
20151001	0	0.01	16.441046	0.075024486
20151001	0	0.01	12.437564	0.058929801
20151001	0	0.01	14.017631	0.081630707
20151001	0	0.01	11.471038	0.047409236
20151001	0	0.01	12.727086	0.048894167
20151001	0	0.01	14.654183	0.078012705
20151001	0	0.01	15.055471	0.064484179
20151001	0	0.01	14.098772	0.084907711
20151001	0	0.01	15.699165	0.095574677
20151001	0	0.01	13.661349	0.09696728
20151001	0	0.01	11.914754	0.057661057
20151001	0	0.01	17.933279	0.12620378
20151001	0	0.01	15.661618	0.090014756
20151001	0	0.01	12.02542	0.085698128
20151001	0	0.01	11.759324	0.044661045
20151001	0	0.01	12.30969	0.059985816
20151001	0	0.01	11.973289	0.057350516
20151001	0	0.01	12.261769	0.065136909
20151001	0	0.01	15.343559	0.080349684
20151001	0	0.01	18.89057	0.10466701
20151001	0	0.01	14.339439	0.082162857
20151001	0	0.01	11.509468	0.04664892
20151001	0	0.01	13.468755	0.062764347
20151001	0	0.01	14.917974	0.079032481
20151001	0	0.01	13.669427	0.065797508
20151001	0	0.01	15.410562	0.086587369
20151001	0	0.01	12.984688	0.058870196
20151001	0	0.01	15.013864	0.075848341
20151001	0	0.01	16.174795	0.066154778
20151001	0	0.01	14.8165	0.082000017
20151001	0	0.01	12.192554	0.047106028
20151001	0	0.01	15.321959	0.085136056
20151001	0	0.01	13.593846	0.072158039
20151001	0	0.01	11.620827	0.057911515
20151001	0	0.01	13.142426	0.063917875
20151001	0	0.01	13.943936	0.080060899
20151001	0	0.01	16.411924	0.078980625
20151001	0	0.01	13.688258	0.048009098
20151001	0	0.01	13.419489	0.076465368
20151001	0	0.01	15.7973	0.10824257
20151001	0	0.01	14.611434	0.06678015
20151001	0	0.01	15.734283	0.080114484
20151001	0	0.01	14.903168	0.0915218
20151001	0	0.01	11.827965	0.082840681
20151001	0	0.01	13.027126	0.068808913
20151001	0	0.01	12.744422	0.07121098
20151001	0	0.01	14.731818	0.090154231
20151001	0	0.01	18.232409	0.11332023
20151001	0	0.01	16.46788	0.096251726
20151001	0	0.01	14.195009	0.074911833
20151001	0	0.01	13.88841	0.073602617
20151001	0	0.01	16.501364	0.094534993
20151001	0	0.01	13.747271	0.061373949
20151001	0	0.01	14.952468	0.079888225
20151001	0	0.01	13.060977	0.07147032
20151001	0	0.01	14.101381	0.080443025
20151001	0	0.01	12.873693	0.11763644
20151001	0	0.01	13.704378	0.096164227
20151001	0	0.01	12.043765	0.03955698
20151001	0	0.01	17.073454	0.090281844
20151001	0	0.01	12.243751	0.047140837
20151001	0	0.01	13.843295	0.06826663
20151001	0	0.01	13.601964	0.06476897
20151001	0	0.01	14.947545	0.10180664
20151001	0	0.01	13.569462	0.052443802
20151001	0	0.01	12.44348	0.051242352
20151001	0	0.01	10.959205	0.00782305
20151001	0	0.01	16.308464	0.083768964
20151001	0	0.01	13.128419	0.037542164
20151001	0	0.01	12.080373	0.046052337
20151001	0	0.01	12.15931	0.063891351
20151001	0	0.01	15.184454	0.088090539
20151001	0	0.01	12.402012	0.053797245
20151001	0	0.01	13.996614	0.076559603
20151001	0	0.01	13.356273	0.067904234
20151001	0	0.01	12.110794	0.039865613
20151001	0	0.01	12.135077	0.063423634
20151001	0	0.01	12.449393	0.076079428
20151001	0	0.01	11.781208	0.057274103
20151001	0	0.01	12.833615	0.058694601
20151001	0	0.01	15.03101	0.065975904
20151001	0	0.01	12.231724	0.066118777
20151001	0	0.01	13.555897	0.065546393
20151001	0	0.01	14.413665	0.072393239
20151001	0	0.01	14.213144	0.069500566
20151001	0	0.01	16.630196	0.079193592
20151001	0	0.01	14.064801	0.064188182
20151001	0	0.01	13.148024	0.072203338
20151001	0	0.01	14.357391	0.066619337
20151001	0	0.01	14.195009	0.070343971
20151001	0	0.01	13.317647	0.068463445
20151001	0	0.01	14.388113	0.044571459
20151001	0	0.01	13.28168	0.081296206
20151001	0	0.01	15.201407	0.09533751
20151001	0	0.01	13.975567	0.089440584
20151001	0	0.01	14.114423	0.089539468
20151001	0	0.01	14.505278	0.071166873
20151001	0	0.01	15.252155	0.082701445
20151001	0	0.01	14.025503	0.074591815
20151001	0	0.01	16.59919	0.073018909
20151001	0	0.01	14.846271	0.10190022
20151001	0	0.01	13.237277	0.054846466
20151001	0	0.01	12.180475	0.06156975
20151001	0	0.01	13.782022	0.065882564
20151001	0	0.01	12.14114	0.046916246
20151001	0	0.01	14.189824	0.071723938
20151001	0	0.01	12.231724	0.054740727
20151001	0	0.01	13.626289	0.052323282
20151001	0	0.01	12.043765	0.055429459
20151001	0	0.01	15.13591	0.082401037
20151001	0	0.01	15.957213	0.07265228
20151001	0	0.01	13.103169	0.06440413
20151001	0	0.01	13.041243	0.060699761
20151001	0	0.01	15.186877	0.07993871
20151001	0	0.01	14.659204	0.08059299
20151001	0	0.01	14.789156	0.10349363
20151001	0	0.01	14.866086	0.076797545
20151001	0	0.01	12.180475	0.067117274
20151001	0	0.01	16.231567	0.084278643
20151001	0	0.01	15.472519	0.068654597
20151001	0	0.01	13.631689	0.06894803
20151001	0	0.01	14.228669	0.065058827
20151001	0	0.01	11.240979	0.06102556
20151001	0	0.01	13.353518	0.064953446
20151001	0	0.01	14.09094	0.056344867
20151001	0	0.01	13.555897	0.07068491
20151001	0	0.01	14.6918	0.095252097
20151001	0	0.01	13.829998	0.075685263
20151001	0	0.01	13.832659	0.053866148
20151001	0	0.01	12.357426	0.058489501
20151001	0	0.01	15.138341	0.074237227
20151001	0	0.01	12.360403	0.041283429
20151001	0	0.01	13.763322	0.065250814
20151001	0	0.01	14.917974	0.072248876
20151001	0	0.01	15.682749	0.073288321
20151001	0	0.01	14.205375	0.07386899
20151001	0	0.01	14.497665	0.070833266
20151001	0	0.01	13.996614	0.084182203
20151001	0	0.01	12.34551	0.016378701
20151001	0	0.01	11.554139	0.064604044
20151001	0	0.01	15.424882	0.082061648
20151001	0	0.01	13.328694	0.064071357
20151001	0	0.01	12.625489	0.057669461
20151001	0	0.01	15.169908	0.055019855
20151001	0	0.01	12.698141	0.061995506
20151001	0	0.01	14.811532	0.078265071
20151001	0	0.01	13.757974	0.060961068
20151001	0	0.01	14.741806	0.087912619
20151001	0	0.01	12.452348	0.074624598
20151001	0	0.01	14.046476	0.090424001
20151001	0	0.01	13.187147	0.075970054
20151001	0	0.01	14.512886	0.074851274
20151001	0	0.01	14.669242	0.088958561
20151001	0	0.01	12.523067	0.043735981
20151001	0	0.01	15.152918	0.067727506
20151001	0	0.01	12.651691	0.075949371
20151001	0	0.01	17.875734	0.090535045
20151001	0	0.01	13.259497	0.078422487
20151001	0	0.01	14.789156	0.081689358
20151001	0	0.01	12.92504	0.072446764
20151001	0	0.01	13.798034	0.073866785
20151001	0	0.01	12.567064	0.059774578
20151001	0	0.01	15.538965	0.091989815
20151001	0	0.01	15.486781	0.10001993
20151001	0	0.01	13.012996	0.099387765
20151001	0	0.01	12.922193	0.08729434
20151001	0	0.01	15.169908	0.062437475
20151001	0	0.01	14.236425	0.068817437
20151001	0	0.01	16.694239	0.070956945
20151001	0	0.01	15.391447	0.072842956
20151001	0	0.01	12.327614	0.052414775
20151001	0	0.01	14.621504	0.075121641
20151001	0	0.01	15.635753	0.072040856
20151001	0	0.01	12.30072	0.061311603
20151001	0	0.01	12.802037	0.041936874
20151001	0	0.01	12.53775	0.061550379
20151001	0	0.01	15.194144	0.083451748
20151001	0	0.01	15.206248	0.090517521
20151001	0	0.01	12.590466	0.064144552
20151001	0	0.01	12.698141	0.073468149
20151001	0	0.01	11.78433	0.052254617
20151001	0	0.01	14.163869	0.077975571
20151001	0	0.01	12.318655	0.06073159
20151001	0	0.01	13.983463	0.055743217
20151001	0	0.01	14.223495	0.072823942
20151001	0	0.01	11.976361	0.044979811
20151001	0	0.01	14.13266	0.058351934
20151001	0	0.01	11.806169	0.043409884
20151001	0	0.01	12.625489	0.050249696
20151001	0	0.01	13.217805	0.058501124
20151001	0	0.01	13.342491	0.08422178
20151001	0	0.01	12.549484	0.076497078
20151001	0	0.01	13.71243	0.0715698
20151001	0	0.01	13.309356	0.050720155
20151001	0	0.01	14.398339	0.059386551
20151001	0	0.01	14.861135	0.076107502
20151001	0	0.01	14.578659	0.077003598
20151001	0	0.01	14.78169	0.070391715
20151001	0	0.01	15.266624	0.073680401
20151001	0	0.01	15.458243	0.079157889
20151001	0	0.01	12.6546	0.060951591
20151001	0	0.01	19.633682	0.11035138
20151001	0	0.01	11.668226	0.02954942
20151001	0	0.01	13.672119	0.061484337
20151001	0	0.01	12.692345	0.094463229
20151001	0	0.01	11.765581	0.055131197
20151001	0	0.01	15.244916	0.079109609
20151001	0	0.01	12.481863	0.065371335
20151001	0	0.01	15.420109	0.071076035
20151001	0	0.01	14.161271	0.054515183
20151001	0	0.01	12.882266	0.057520747
20151001	0	0.01	13.206664	0.082447588
20151001	0	0.01	16.596973	0.094889939
20151001	0	0.01	12.165361	0.053006709
20151001	0	0.01	14.377879	0.076123476
20151001	0	0.01	13.803366	0.066994667
20151001	0	0.01	11.991714	0.047266006
20151001	0	0.01	16.133795	0.088295639
20151001	0	0.01	15.89483	0.06616962
20151001	0	0.01	12.071232	0.077138126
20151001	0	0.01	12.750196	0.049821734
20151001	0	0.01	16.222498	0.059486687
20151001	0	0.01	15.505777	0.072075844
20151001	0	0.01	12.354448	0.055587888
20151001	0	0.01	14.517957	0.096200585
20151001	0	0.01	14.920442	0.11030048
20151001	0	0.01	13.150822	0.057938933
20151001	0	0.01	15.001605	0.075334489
20151001	0	0.01	13.612781	0.090344906
20151001	0	0.01	11.329017	0.061619997
20151001	0	0.01	14.769238	0.069282115
20151001	0	0.01	14.754281	0.089903772
20151001	0	0.01	12.21366	0.050983369
20151001	0	0.01	14.669242	0.085677326
20151001	0	0.01	13.342491	0.063155651
20151001	0	0.01	12.531878	0.075511396
20151001	0	0.01	11.076097	0.041697085
20151001	0	0.01	12.21366	0.059381425
20151001	0	0.01	12.255767	0.059576571
20151001	0	0.01	12.505424	0.062860787
20151001	0	0.01	14.895759	0.089960039
20151001	0	0.01	13.829998	0.087261498
20151001	0	0.01	16.29492	0.068941474
20151001	0	0.01	13.591139	0.088322639
20151001	0	0.01	12.135077	0.12156159
20151001	0	0.01	14.908105	0.076081395
20151001	0	0.01	12.58462	0.077561975
20151001	0	0.01	15.184454	0.07215476
20151001	0	0.01	14.148273	0.08103615
20151001	0	0.01	12.222695	0.062735736
20151001	0	0.01	14.288026	0.048542082
20151001	0	0.01	14.749292	0.057956219
20151001	0	0.01	13.707063	0.075311422
20151001	0	0.01	15.391447	0.097580612
20151001	0	0.01	12.867976	0.080939174
20151001	0	0.01	14.656694	0.086886585
20151001	0	0.01	16.245165	0.07195735
20151001	0	0.01	15.013864	0.10153067
20151001	0	0.01	13.328694	0.039335012
20151001	0	0.01	12.413874	0.062803268
20151001	0	0.01	13.824676	0.068557799
20151001	0	0.01	13.460556	0.062491357
20151001	0	0.01	12.46121	0.073299408
20151001	0	0.01	12.399044	0.077534199
20151001	0	0.01	13.599258	0.096863091
20151001	0	0.01	14.09094	0.065120101
20151001	0	0.01	13.709746	0.075251997
20151001	0	0.01	12.390138	0.064861238
20151001	0	0.01	14.127452	0.065099299
20151001	0	0.01	13.504224	0.077242017
20151001	0	0.01	12.321642	0.030940413
20151001	0	0.01	13.314884	0.067200661
20151001	0	0.01	13.029951	0.06720686
20151001	0	0.01	12.648783	0.088813066
20151001	0	0.01	12.440522	0.052473485
20151001	0	0.01	12.63423	0.06151253
20151001	0	0.01	13.610078	0.076366067
20151001	0	0.01	14.779201	0.070629418
20151001	0	0.01	14.512886	0.094445705
20151001	0	0.01	13.72316	0.078564286
20151001	0	0.01	14.070033	0.067493558
20151001	0	0.01	13.468755	0.057096183
20151001	0	0.01	13.044064	0.076964855
20151001	0	0.01	15.092088	0.075253367
20151001	0	0.01	13.449617	0.062820554
20151001	0	0.01	15.60277	0.085669458
20151001	0	0.01	12.839349	0.046045899
20151001	0	0.01	14.8165	0.074221432
20151001	0	0.01	12.610909	0.044991493
20151001	0	0.01	12.996018	0.042826116
20151001	0	0.01	13.696321	0.07856214
20151001	0	0.01	13.460556	0.065285265
20151001	0	0.01	13.159214	0.064542472
20151001	0	0.01	12.922193	0.056823671
20151001	0	0.01	14.959848	0.065570354
20151001	0	0.01	13.843295	0.080382764
20151001	0	0.01	13.114397	0.096233308
20151001	0	0.01	15.50815	0.081606269
20151001	0	0.01	14.362515	0.080108285
20151001	0	0.01	14.651672	0.078961611
20151001	0	0.01	13.44688	0.070226789
20151001	0	0.01	14.277719	0.068003476
20151001	0	0.01	12.122942	0.086001813
20151001	0	0.01	15.13591	0.076355398
20151001	0	0.01	13.044064	0.064659774
20151001	0	0.01	13.661349	0.065863967
20151001	0	0.01	13.845953	0.045430183
20151001	0	0.01	12.645874	0.076585829
20151001	0	0.01	12.360403	0.056645632
20151001	0	0.01	16.106403	0.09608835
20151001	0	0.01	12.865116	0.077223539
20151001	0	0.01	10.190195	0.052136719
20151001	0	0.01	14.189824	0.079462051
20151001	0	0.01	13.814025	0.068936884
20151001	0	0.01	12.686545	0.044417858
20151001	0	0.01	11.951756	0.060688198
20151001	0	0.01	13.631689	0.088426828
20151001	0	0.01	14.629052	0.087463975
20151001	0	0.01	12.950638	0.060662985
20151001	0	0.01	13.28168	0.077006519
20151001	0	0.01	16.841269	0.072637677
20151001	0	0.01	13.555897	0.060765684
20151001	0	0.01	13.424972	0.054992974
20151001	0	0.01	12.724195	0.075327635
20151001	0	0.01	12.125977	0.0089769363
20151001	0	0.01	12.446437	0.062477946
20151001	0	0.01	8.1293745	0.015922666
20151001	0	0.01	12.816401	0.061796844
20151001	0	0.01	14.336873	0.077575386
20151001	0	0.01	14.098772	0.061634362
20151001	0	0.01	13.832659	0.099992812
20151001	0	0.01	14.24676	0.079759479
20151001	0	0.01	15.075011	0.088097095
20151001	0	0.01	14.626536	0.04927367
20151001	0	0.01	14.23901	0.074559391
20151001	0	0.01	17.17445	0.089947045
20151001	0	0.01	14.001872	0.10549182
20151001	0	0.01	15.184454	0.074267149
20151001	0	0.01	15.048137	0.087241769
20151001	0	0.01	17.193722	0.11546111
20151001	0	0.01	12.007047	0.061966479
20151001	0	0.01	12.101676	0.07947892
20151001	0	0.01	13.128419	0.078850746
20151001	0	0.01	11.283454	0.036219537
20151001	0	0.01	14.676765	0.071682215
20151001	0	0.01	12.216673	0.058203638
20151001	0	0.01	12.44348	0.047234833
20151001	0	0.01	14.681779	0.069694161
20151001	0	0.01	14.070033	0.056967199
20151001	0	0.01	13.845953	0.098036587
20151001	0	0.01	15.443954	0.080754757
20151001	0	0.01	12.89654	0.06351465
20151001	0	0.01	12.63423	0.041444182
20151001	0	0.01	14.254506	0.11891448
20151001	0	0.01	14.67175	0.068434834
20151001	0	0.01	11.566872	0.04777348
20151001	0	0.01	13.585723	0.056011736
20151001	0	0.01	12.354448	0.064546406
20151001	0	0.01	13.943936	0.085199535
20151001	0	0.01	15.186877	0.093096912
20151001	0	0.01	14.898229	0.091277957
20151001	0	0.01	12.961998	0.069425046
20151001	0	0.01	13.289989	0.050268173
20151001	0	0.01	12.755965	0.047736049
20151001	0	0.01	13.328694	0.060766697
20151001	0	0.01	18.534651	0.12523824
20151001	0	0.01	11.477452	0.049253225
20151001	0	0.01	15.694477	0.099169433
20151001	0	0.01	13.356273	0.077255845
20151001	0	0.01	12.15931	0.073057711
20151001	0	0.01	13.134023	0.040421546
20151001	0	0.01	12.031538	0.06645602
20151001	0	0.01	11.477452	0.062465727
20151001	0	0.01	12.950638	0.036355197
20151001	0	0.01	15.50103	0.070691943
20151001	0	0.01	11.840403	0.054111719
20151001	0	0.01	12.78478	0.051154017
20151001	0	0.01	16.534779	0.14094621
20151001	0	0.01	12.440522	0.054813683
20151001	0	0.01	12.523067	0.059873641
20151001	0	0.01	12.885122	0.067278564
20151001	0	0.01	11.740535	0.066444457
20151001	0	0.01	13.596553	0.077703059
20151001	0	0.01	12.927887	0.097324908
20151001	0	0.01	13.755299	0.066439688
20151001	0	0.01	13.167601	0.083112597
20151001	0	0.01	17.279116	0.087382793
20151001	0	0.01	12.543618	0.071808815
20151001	0	0.01	16.270061	0.088978231
20151001	0	0.01	13.072242	0.057522476
20151001	0	0.01	13.427712	0.081627369
20151001	0	0.01	14.043857	0.081600606
20151001	0	0.01	12.71841	0.065189421
20151001	0	0.01	12.944953	0.051042795
20151001	0	0.01	11.696574	0.045323193
20151001	0	0.01	11.309512	0.027948737
20151001	0	0.01	15.968738	0.088966489
20151001	0	0.01	13.840636	0.06479913
20151001	0	0.01	12.41091	0.08155036
20151001	0	0.01	11.834186	0.062899232
20151001	0	0.01	12.192554	0.057259321
20151001	0	0.01	16.579227	0.079862416
20151001	0	0.01	11.976361	0.062167943
20151001	0	0.01	17.649935	0.08111161
20151001	0	0.01	14.709322	0.090704441
20151001	0	0.01	13.323172	0.058976412
20151001	0	0.01	12.58462	0.045385957
20151001	0	0.01	14.202785	0.064864457
20151001	0	0.01	12.6546	0.077713668
20151001	0	0.01	13.741917	0.087512136
20151001	0	0.01	14.624021	0.080928624
20151001	0	0.01	16.349026	0.067026019
20151001	0	0.01	14.313756	0.063553631
20151001	0	0.01	13.444144	0.074635148
20151001	0	0.01	14.326603	0.083760321
20151001	0	0.01	14.088327	0.074219465
20151001	0	0.01	16.213423	0.083129883
20151001	0	0.01	13.899003	0.091255665
20151001	0	0.01	13.295525	0.079529226
20151001	0	0.01	14.385555	0.092105806
20151001	0	0.01	12.919345	0.037573159
20151001	0	0.01	16.714064	0.089938045
20151001	0	0.01	14.205375	0.081351757
20151001	0	0.01	13.032775	0.058863223
20151001	0	0.01	12.446437	0.051309109
20151001	0	0.01	11.973289	0.0583148
20151001	0	0.01	11.852827	0.060937822
20151001	0	0.01	12.6546	0.067420721
20151001	0	0.01	15.484405	0.082897902
20151001	0	0.01	15.673361	0.085310876
20151001	0	0.01	13.276137	0.060899854
20151001	0	0.01	12.207634	0.057890713
20151001	0	0.01	13.195516	0.078791738
20151001	0	0.01	12.890832	0.044393063
20151001	0	0.01	12.428685	0.054350853
20151001	0	0.01	12.312679	0.050181508
20151001	0	0.01	12.879409	0.062420785
20151001	0	0.01	12.89654	0.047367573
20151001	0	0.01	11.674532	0.056200504
20151001	0	0.01	13.424972	0.084835589
20151001	0	0.01	14.035994	0.091345251
20151001	0	0.01	12.183496	0.06772083
20151001	0	0.01	12.508367	0.071905255
20151001	0	0.01	12.425724	0.066457748
20151001	0	0.01	15.252155	0.069718897
20151001	0	0.01	14.804077	0.071125388
20151001	0	0.01	12.324629	0.079415739
20151001	0	0.01	16.249695	0.07217294
20151001	0	0.01	14.68679	0.071355283
20151001	0	0.01	13.164805	0.066395998
20151001	0	0.01	14.434073	0.078599095
20151001	0	0.01	12.499538	0.07800746
20151001	0	0.01	13.720478	0.079112887
20151001	0	0.01	16.090403	0.10121363
20151001	0	0.01	17.090687	0.069667459
20151001	0	0.01	15.722587	0.074890733
20151001	0	0.01	14.313756	0.084384203
20151001	0	0.01	16.823782	0.091268361
20151001	0	0.01	14.421322	0.078610003
20151001	0	0.01	15.128614	0.064028978
20151001	0	0.01	15.391447	0.093001723
20151001	0	0.01	19.270483	0.13054943
20151001	0	0.01	14.3702	0.068230748
20151001	0	0.01	16.324249	0.067815959
20151001	0	0.01	12.228715	0.057042003
20151001	0	0.01	14.174257	0.098398268
20151001	0	0.01	13.21502	0.063956976
20151001	0	0.01	11.63981	0.06322068
20151001	0	0.01	14.974599	0.064935923
20151001	0	0.01	12.240746	0.086114228
20151001	0	0.01	13.768667	0.058551788
20151001	0	0.01	13.607373	0.082979441
20151001	0	0.01	11.696574	0.062231481
20151001	0	0.01	14.598837	0.099735558
20151001	0	0.01	12.104716	0.05342555
20151001	0	0.01	14.189824	0.059651375
20151001	0	0.01	14.586228	0.072724462
20151001	0	0.01	15.297925	0.065053999
20151001	0	0.01	14.525558	0.080703914
20151001	0	0.01	15.869344	0.092146397
20151001	0	0.01	13.936017	0.081854224
20151001	0	0.01	13.806031	0.072773874
20151001	0	0.01	15.357941	0.066250026
20151001	0	0.01	15.415336	0.091666579
20151001	0	0.01	12.508367	0.064177036
20151001	0	0.01	13.709746	0.059079945
20151001	0	0.01	12.984688	0.066092551
20151001	0	0.01	13.156418	0.077320993
20151001	0	0.01	12.819271	0.072036743
20151001	0	0.01	12.327614	0.04204458
20151001	0	0.01	13.872503	0.063630164
20151001	0	0.01	13.405771	0.055309713
20151001	0	0.01	14.684285	0.080398977
20151001	0	0.01	14.952468	0.074764431
20151001	0	0.01	13.637086	0.076634943
20151001	0	0.01	14.020255	0.061615646
20151001	0	0.01	14.996698	0.082766116
20151001	0	0.01	15.165055	0.092857897
20151001	0	0.01	14.868561	0.071872115
20151001	0	0.01	13.95185	0.069515884
20151001	0	0.01	13.00168	0.061355829
20151001	0	0.01	12.902245	0.063821077
20151001	0	0.01	13.142426	0.060577989
20151001	0	0.01	15.401008	0.076761305
20151001	0	0.01	13.309356	0.050910354
20151001	0	0.01	16.165693	0.074747622
20151001	0	0.01	12.953479	0.072636485
20151001	0	0.01	13.100361	0.035945058
20151001	0	0.01	13.693633	0.083427429
20151001	0	0.01	13.094742	0.081441939
20151001	0	0.01	14.935231	0.059325635
20151001	0	0.01	11.985576	0.048162997
20151001	0	0.01	13.917522	0.070758283
20151001	0	0.01	15.463003	0.075423896
20151001	0	0.01	13.350761	0.064553916
20151001	0	0.01	15.162628	0.06104213
20151001	0	0.01	12.333582	0.070694923
20151001	0	0.01	16.136074	0.089071572
20151001	0	0.01	19.155571	0.10281312
20151001	0	0.01	15.043245	0.07731986
20151001	0	0.01	12.793411	0.049620152
20151001	0	0.01	13.234497	0.049397111
20151001	0	0.01	14.794131	0.066911519
20151001	0	0.01	14.505278	0.075214982
20151001	0	0.01	12.715516	0.05983901
20151001	0	0.01	13.520563	0.076877177
20151001	0	0.01	16.355778	0.093626559
20151001	0	0.01	12.89654	0.090485096
20151001	0	0.01	16.552572	0.093778551
20151001	0	0.01	13.814025	0.06548959
20151001	0	0.01	14.477346	0.084964454
20151001	0	0.01	11.997849	0.050190806
20151001	0	0.01	15.574445	0.06835562
20151001	0	0.01	14.996698	0.07450068
20151001	0	0.01	13.920166	0.063971221
20151001	0	0.01	12.297729	0.081872106
20151001	0	0.01	14.996698	0.088390172
20151001	0	0.01	13.231716	0.07124722
20151001	0	0.01	11.994782	0.060361028
20151001	0	0.01	12.781901	0.092615664
20151001	0	0.01	11.92093	0.011282802
20151001	0	0.01	12.511309	0.053632796
20151001	0	0.01	15.152918	0.062163055
20151001	0	0.01	14.311185	0.06346935
20151001	0	0.01	11.64297	0.064610243
20151001	0	0.01	16.290403	0.087116659
20151001	0	0.01	15.663967	0.079354227
20151001	0	0.01	15.367521	0.081136703
20151001	0	0.01	12.930733	0.079130948
20151001	0	0.01	16.090403	0.074789107
20151001	0	0.01	15.230427	0.052038729
20151001	0	0.01	14.009753	0.060616314
20151001	0	0.01	12.827879	0.064190447
20151001	0	0.01	12.339547	0.063502848
20151001	0	0.01	13.631689	0.077856541
20151001	0	0.01	15.381882	0.097389102
20151001	0	0.01	14.644135	0.075755179
20151001	0	0.01	17.643681	0.11110681
20151001	0	0.01	15.799629	0.072826624
20151001	0	0.01	15.576808	0.058453798
20151001	0	0.01	14.517957	0.0469594
20151001	0	0.01	15.76699	0.07898134
20151001	0	0.01	14.244177	0.077648997
20151001	0	0.01	12.180475	0.051910818
20151001	0	0.01	13.569462	0.10185254
20151001	0	0.01	13.864543	0.086594164
20151001	0	0.01	13.577595	0.071811855
20151001	0	0.01	15.121316	0.070659697
20151001	0	0.01	14.709322	0.092024267
20151001	0	0.01	14.411112	0.074175835
20151001	0	0.01	13.460556	0.075369298
20151001	0	0.01	15.050582	0.075518787
20151001	0	0.01	22.594608	0.13280612
20151001	0	0.01	11.416376	0.04606694
20151001	0	0.01	15.635753	0.10147023
20151001	0	0.01	16.315231	0.090129197
20151001	0	0.01	14.898229	0.089610696
20151001	0	0.01	12.85367	0.043580651
20151001	0	0.01	12.581696	0.041872382
20151001	0	0.01	19.02063	0.076732278
20151001	0	0.01	14.994245	0.06290859
20151001	0	0.01	12.870835	0.045874059
20151001	0	0.01	13.350761	0.05994153
20151001	0	0.01	12.113832	0.055339336
20151001	0	0.01	15.15049	0.075880289
20151001	0	0.01	15.023664	0.11679173
20151001	0	0.01	14.634082	0.093222618
20151001	0	0.01	14.962308	0.079985857
20151001	0	0.01	14.851227	0.10201073
20151001	0	0.01	13.170395	0.07245791
20151001	0	0.01	13.49332	0.061783552
20151001	0	0.01	14.846271	0.066725552
20151001	0	0.01	13.782022	0.046521902
20151001	0	0.01	14.347136	0.092074573
20151001	0	0.01	17.691582	0.10728127
20151001	0	0.01	14.477346	0.069186509
20151001	0	0.01	12.467114	0.060169339
20151001	0	0.01	13.256721	0.074735522
20151001	0	0.01	14.598837	0.081715345
20151001	0	0.01	12.729978	0.060351729
20151001	0	0.01	12.046821	0.067784965
20151001	0	0.01	13.058161	0.068021953
20151001	0	0.01	14.908105	0.070588231
20151001	0	0.01	14.734316	0.07621032
20151001	0	0.01	13.035598	0.073987186
20151001	0	0.01	11.364689	0.078446269
20151001	0	0.01	11.592294	0.053169489
20151001	0	0.01	14.111815	0.058396995
20151001	0	0.01	14.994245	0.076331973
20151001	0	0.01	13.372792	0.094804227
20151001	0	0.01	12.473016	0.051402509
20151001	0	0.01	12.781901	0.063775778
20151001	0	0.01	15.913339	0.090572953
20151001	0	0.01	13.9703	0.097557843
20151001	0	0.01	11.364689	0.051734447
20151001	0	0.01	12.14417	0.057268143
20151001	0	0.01	13.779352	0.073038399
20151001	0	0.01	13.933376	0.068131328
20151001	0	0.01	10.989382	0.068653345
20151001	0	0.01	11.371162	0.068903387
20151001	0	0.01	14.523025	0.08536458
20151001	0	0.01	15.405785	0.10140193
20151001	0	0.01	15.605128	0.079131484
20151001	0	0.01	14.601357	0.099393487
20151001	0	0.01	13.378295	0.060505211
20151001	0	0.01	14.63911	0.071004212
20151001	0	0.01	13.108785	0.083218157
20151001	0	0.01	11.627157	0.076237202
20151001	0	0.01	11.592294	0.070619822
20151001	0	0.01	12.651691	0.061330855
20151001	0	0.01	13.642482	0.076757491
20151001	0	0.01	13.336974	0.063346446
20151001	0	0.01	15.621626	0.087019444
20151001	0	0.01	14.257088	0.088306487
20151001	0	0.01	13.72316	0.066764772
20151001	0	0.01	16.010162	0.082962871
20151001	0	0.01	15.194144	0.069381237
20151001	0	0.01	13.774012	0.06989181
20151001	0	0.01	15.583893	0.064130843
20151001	0	0.01	12.180475	0.055280924
20151001	0	0.01	12.802037	0.056352735
20151001	0	0.01	12.701039	0.057461381
20151001	0	0.01	14.618987	0.070473194
20151001	0	0.01	13.851267	0.072764635
20151001	0	0.01	14.200193	0.073062003
20151001	0	0.01	13.035598	0.089124978
20151001	0	0.01	14.828912	0.083843589
20151001	0	0.01	15.131047	0.081756294
20151001	0	0.01	16.351276	0.067975581
20151001	0	0.01	12.511309	0.064983785
20151001	0	0.01	15.460623	0.070801735
20151001	0	0.01	9.5296421	0.081910908
20151001	0	0.01	12.990355	0.070725501
20151001	0	0.01	16.124668	0.098990202
20151001	0	0.01	13.139626	0.074817002
20151001	0	0.01	15.880934	0.073167503
20151001	0	0.01	13.044064	0.087049842
20151001	0	0.01	13.024302	0.057447791
20151001	0	0.01	14.913041	0.076278269
20151001	0	0.01	13.765995	0.040579796
20151001	0	0.01	14.156074	0.072875082
20151001	0	0.01	12.862256	0.099223614
20151001	0	0.01	13.083497	0.06879437
20151001	0	0.01	12.270769	0.044954479
20151001	0	0.01	15.384274	0.070085168
20151001	0	0.01	13.416746	0.06536442
20151001	0	0.01	14.984425	0.070189774
20151001	0	0.01	15.966434	0.068814218
20151001	0	0.01	14.684285	0.091082096
20151001	0	0.01	13.356273	0.057865977
20151001	0	0.01	15.682749	0.097028732
20151001	0	0.01	12.724195	0.062066793
20151001	0	0.01	14.046476	0.067102432
20151001	0	0.01	13.658655	0.069816232
20151001	0	0.01	14.395783	0.077755988
20151001	0	0.01	13.153621	0.073557496
20151001	0	0.01	16.402954	0.11619806
20151001	0	0.01	12.882266	0.083547354
20151001	0	0.01	14.749292	0.085182965
20151001	0	0.01	13.647875	0.10107613
20151001	0	0.01	12.546552	0.053716779
20151001	0	0.01	13.596553	0.0720011
20151001	0	0.01	14.30347	0.082082689
20151001	0	0.01	14.169064	0.066808879
20151001	0	0.01	15.668665	0.095181584
20151001	0	0.01	14.070033	0.065490425
20151001	0	0.01	16.076675	0.067763507
20151001	0	0.01	13.84861	0.066954195
20151001	0	0.01	12.452348	0.064192712
20151001	0	0.01	14.070033	0.051068246
20151001	0	0.01	12.686545	0.063534498
20151001	0	0.01	14.898229	0.07407105
20151001	0	0.01	16.012459	0.10076207
20151001	0	0.01	15.126183	0.080815315
20151001	0	0.01	15.374703	0.077706516
20151001	0	0.01	12.478914	0.01490885
20151001	0	0.01	13.342491	0.067522764
20151001	0	0.01	16.391733	0.075357199
20151001	0	0.01	12.249761	0.040025353
20151001	0	0.01	15.355545	0.079347432
20151001	0	0.01	13.975567	0.06338799
20151001	0	0.01	12.165361	0.043690801
20151001	0	0.01	12.122942	0.050914884
20151001	0	0.01	12.514249	0.053789437
20151001	0	0.01	15.479651	0.074219644
20151001	0	0.01	16.099546	0.080329537
20151001	0	0.01	13.342491	0.079162836
20151001	0	0.01	15.548434	0.096974015
20151001	0	0.01	14.311185	0.091575921
20151001	0	0.01	15.14806	0.073116302
20151001	0	0.01	14.833874	0.10050708
20151001	0	0.01	12.845079	0.097322822
20151001	0	0.01	12.596311	0.066281617
20151001	0	0.01	14.474804	0.078689396
20151001	0	0.01	11.979433	0.056439102
20151001	0	0.01	11.979433	0.055115163
20151001	0	0.01	14.272565	0.085383773
20151001	0	0.01	15.84614	0.068723977
20151001	0	0.01	14.571085	0.093068838
20151001	0	0.01	14.73931	0.081397057
20151001	0	0.01	14.324035	0.039480209
20151001	0	0.01	12.531878	0.051958263
20151001	0	0.01	14.035994	0.075198293
20151001	0	0.01	17.144428	0.083728671
20151001	0	0.01	12.252764	0.050652325
20151001	0	0.01	13.531445	0.059543133
20151001	0	0.01	13.853923	0.061653614
20151001	0	0.01	15.1893	0.10315299
20151001	0	0.01	13.482409	0.0671736
20151001	0	0.01	12.637141	0.063227892
20151001	0	0.01	12.842215	0.065039515
20151001	0	0.01	13.528725	0.085496664
20151001	0	0.01	14.059567	0.084050894
20151001	0	0.01	15.850783	0.058292985
20151001	0	0.01	13.134023	0.074725747
20151001	0	0.01	14.043857	0.077643275
20151001	0	0.01	13.506948	0.073672295
20151001	0	0.01	16.094975	0.10816282
20151001	0	0.01	13.490593	0.076784074
20151001	0	0.01	12.764617	0.059014618
20151001	0	0.01	14.380439	0.092131674
20151001	0	0.01	12.475965	0.066532612
20151001	0	0.01	12.34849	0.060034215
20151001	0	0.01	13.07787	0.047094285
20151001	0	0.01	15.237673	0.054006219
20151001	0	0.01	12.02236	0.045470297
20151001	0	0.01	15.408174	0.083534777
20151001	0	0.01	14.3497	0.076746225
20151001	0	0.01	13.693633	0.11560106
20151001	0	0.01	12.481863	0.069139719
20151001	0	0.01	13.523284	0.077347636
20151001	0	0.01	14.153474	0.068357348
20151001	0	0.01	18.592134	0.086864293
20151001	0	0.01	13.28168	0.080579042
20151001	0	0.01	13.653266	0.095823586
20151001	0	0.01	13.192726	0.066687703
20151001	0	0.01	15.045691	0.068410516
20151001	0	0.01	14.254506	0.070398688
20151001	0	0.01	14.124846	0.0784747
20151001	0	0.01	13.120008	0.062965453
20151001	0	0.01	12.605071	0.057308137
20151001	0	0.01	13.289989	0.033068717
20151001	0	0.01	14.174257	0.066960096
20151001	0	0.01	14.257088	0.054939032
20151001	0	0.01	12.419801	0.070780635
20151001	0	0.01	15.661618	0.070314705
20151001	0	0.01	14.277719	0.088943481
20151001	0	0.01	12.599232	0.058904946
20151001	0	0.01	15.647515	0.084193349
20151001	0	0.01	13.5396	0.080096066
20151001	0	0.01	14.571085	0.073864102
20151001	0	0.01	14.218321	0.06869334
20151001	0	0.01	14.57361	0.083591759
20151001	0	0.01	14.878457	0.076388121
20151001	0	0.01	14.017631	0.080467999
20151001	0	0.01	14.502741	0.067722023
20151001	0	0.01	13.01865	0.067352295
20151001	0	0.01	14.920442	0.086375356
20151001	0	0.01	16.058353	0.075540721
20151001	0	0.01	14.490049	0.088192165
20151001	0	0.01	14.207965	0.069351375
20151001	0	0.01	14.339439	0.075603724
20151001	0	0.01	13.111591	0.074028552
20151001	0	0.01	16.45447	0.084388316
20151001	0	0.01	14.213144	0.062131107
20151001	0	0.01	15.099401	0.077692509
20151001	0	0.01	12.905097	0.069484711
20151001	0	0.01	12.404978	0.0536834
20151001	0	0.01	13.741917	0.10061455
20151001	0	0.01	11.50627	0.044194102
20151001	0	0.01	14.801591	0.072732568
20151001	0	0.01	19.109413	0.080888152
20151001	0	0.01	16.256487	0.096085966
20151001	0	0.01	11.899302	0.060291946
20151001	0	0.01	13.460556	0.055766165
20151001	0	0.01	15.836849	0.10195446
20151001	0	0.01	12.481863	0.064517319
20151001	0	0.01	12.767499	0.056658626
20151001	0	0.01	12.651691	0.055731058
20151001	0	0.01	14.761761	0.072213113
20151001	0	0.01	11.582767	0.067284167
20151001	0	0.01	15.053027	0.10376519
20151001	0	0.01	13.904297	0.077975214
20151001	0	0.01	13.455088	0.056517243
20151001	0	0.01	13.720478	0.073342621
20151001	0	0.01	12.555346	0.043698609
20151001	0	0.01	13.949213	0.073608875
20151001	0	0.01	14.025503	0.084531844
20151001	0	0.01	12.856533	0.075322926
20151001	0	0.01	13.359027	0.070991695
20151001	0	0.01	12.11687	0.076973855
20151001	0	0.01	13.206664	0.064030766
20151001	0	0.01	14.724323	0.080436707
20151001	0	0.01	18.282793	0.090461433
20151001	0	0.01	12.396076	0.059403062
20151001	0	0.01	12.770381	0.049289346
20151001	0	0.01	14.377879	0.09773308
20151001	0	0.01	13.591139	0.052161157
20151001	0	0.01	12.366356	0.054654956
20151001	0	0.01	14.207965	0.080900311
20151001	0	0.01	13.827337	0.055386603
20151001	0	0.01	14.259668	0.090670526
20151001	0	0.01	12.71841	0.075701416
20151001	0	0.01	14.789156	0.086700857
20151001	0	0.01	15.043245	0.086025298
20151001	0	0.01	12.648783	0.057745755
20151001	0	0.01	12.663321	0.073283195
20151001	0	0.01	13.928094	0.089367032
20151001	0	0.01	13.091931	0.069109321
20151001	0	0.01	14.922907	0.079384685
20151001	0	0.01	12.046821	0.042832911
20151001	0	0.01	12.276765	0.063126326
20151001	0	0.01	12.321642	0.075754583
20151001	0	0.01	13.962396	0.085451365
20151001	0	0.01	12.14114	0.039788127
20151001	0	0.01	12.885122	0.072234929
20151001	0	0.01	15.035905	0.077233434
20151001	0	0.01	15.538965	0.090220809
20151001	0	0.01	11.570053	0.04168433
20151001	0	0.01	12.902245	0.070794523
20151001	0	0.01	13.086308	0.066108704
20151001	0	0.01	11.994782	0.078868985
20151001	0	0.01	13.201092	0.059178591
20151001	0	0.01	13.262272	0.07529515
20151001	0	0.01	13.007339	0.10702443
20151001	0	0.01	14.664224	0.076957822
20151001	0	0.01	14.794131	0.078723371
20151001	0	0.01	14.908105	0.078259587
20151001	0	0.01	15.087211	0.066894293
20151001	0	0.01	13.403027	0.083885193
20151001	0	0.01	15.196566	0.083227694
20151001	0	0.01	13.642482	0.05177021
20151001	0	0.01	14.651672	0.08126539
20151001	0	0.01	12.201604	0.056930065
20151001	0	0.01	16.115538	0.08461678
20151001	0	0.01	13.027126	0.10669047
20151001	0	0.01	15.61927	0.080830216
20151001	0	0.01	12.827879	0.060420394
20151001	0	0.01	12.555346	0.052134097
20151001	0	0.01	13.642482	0.092058241
20151001	0	0.01	16.147472	0.090885043
20151001	0	0.01	12.470065	0.059320152
20151001	0	0.01	13.253945	0.064550281
20151001	0	0.01	12.183496	0.07223618
20151001	0	0.01	12.261769	0.055812597
20151001	0	0.01	14.689296	0.12501895
20151001	0	0.01	13.184357	0.056588173
20151001	0	0.01	12.913647	0.038687408
20151001	0	0.01	13.68288	0.073968351
20151001	0	0.01	12.907948	0.061087847
20151001	0	0.01	12.82501	0.057674229
20151001	0	0.01	14.14307	0.081236303
20151001	0	0.01	14.70682	0.056570172
20151001	0	0.01	13.757974	0.099790037
20151001	0	0.01	12.419801	0.056670189
20151001	0	0.01	13.690946	0.085381627
20151001	0	0.01	12.089507	0.064441442
20151001	0	0.01	12.261769	0.07380569
20151001	0	0.01	16.245165	0.086807132
20151001	0	0.01	13.389293	0.043731272
20151001	0	0.01	13.71243	0.048867226
20151001	0	0.01	11.982505	0.049170196
20151001	0	0.01	11.608154	0.053007364
20151001	0	0.01	13.658655	0.066648304
20151001	0	0.01	13.125615	0.079154551
20151001	0	0.01	16.663353	0.088310361
20151001	0	0.01	13.572173	0.044026792
20151001	0	0.01	14.103991	0.061453342
20151001	0	0.01	15.743635	0.094536483
20151001	0	0.01	12.830748	0.085023701
20151001	0	0.01	13.367288	0.079188108
20151001	0	0.01	12.987522	0.073725224
20151001	0	0.01	12.605071	0.051113486
20151001	0	0.01	13.717796	0.063150227
20151001	0	0.01	14.244177	0.072524846
20151001	0	0.01	14.947545	0.088453889
20151001	0	0.01	12.590466	0.059982479
20151001	0	0.01	12.321642	0.066238523
20151001	0	0.01	12.000916	0.079025149
20151001	0	0.01	12.933578	0.056428611
20151001	0	0.01	13.010168	0.05786097
20151001	0	0.01	12.186516	0.066080213
20151001	0	0.01	13.765995	0.062380314
20151001	0	0.01	13.639784	0.053108215
20151001	0	0.01	14.293176	0.059679866
20151001	0	0.01	12.964836	0.060612798
20151001	0	0.01	15.901773	0.096122563
20151001	0	0.01	12.255767	0.043905675
20151001	0	0.01	14.952468	0.082130849
20151001	0	0.01	13.54775	0.063100398
20151001	0	0.01	12.956319	0.063069105
20151001	0	0.01	12.396076	0.079896152
20151001	0	0.01	12.793411	0.05999279
20151001	0	0.01	14.888347	0.071094096
20151001	0	0.01	12.428685	0.062866986
20151001	0	0.01	12.470065	0.074865162
20151001	0	0.01	12.502481	0.053490102
20151001	0	0.01	15.991764	0.090732992
20151001	0	0.01	14.981969	0.067483902
20151001	0	0.01	13.526005	0.070074499
20151001	0	0.01	14.581183	0.075092256
20151001	0	0.01	15.254568	0.08207041
20151001	0	0.01	12.660414	0.085390985
20151001	0	0.01	13.787361	0.084181309
20151001	0	0.01	12.628403	0.050443649
20151001	0	0.01	13.131221	0.1106776
20151001	0	0.01	12.508367	0.066292048
20151001	0	0.01	14.288026	0.083142281
20151001	0	0.01	12.068183	0.052639186
20151001	0	0.01	12.813529	0.067394555
20151001	0	0.01	11.371162	0.049878597
20151001	0	0.01	13.416746	0.081309795
20151001	0	0.01	14.721824	0.084126115
20151001	0	0.01	14.441719	0.085463345
20151001	0	0.01	12.46121	0.056902885
20151001	0	0.01	14.78169	0.060625732
20151001	0	0.01	12.865116	0.043411255
20151001	0	0.01	13.007339	0.057273924
20151001	0	0.01	15.822902	0.070509493
20151001	0	0.01	12.110794	0.073615313
20151001	0	0.01	14.676765	0.082153499
20151001	0	0.01	12.939266	0.059845328
20151001	0	0.01	14.331739	0.091154039
20151001	0	0.01	14.581183	0.082488596
20151001	0	0.01	13.301059	0.066500604
20151001	0	0.01	14.009753	0.081239522
20151001	0	0.01	13.768667	0.098285854
20151001	0	0.01	14.654183	0.080960631
20151001	0	0.01	13.463289	0.081149638
20151001	0	0.01	11.175319	0.045684576
20151001	0	0.01	12.168386	0.050164342
20151001	0	0.01	15.37231	0.088373303
20151001	0	0.01	12.135077	0.056562245
20151001	0	0.01	14.935231	0.08545953
20151001	0	0.01	14.99179	0.066586316
20151001	0	0.01	13.150822	0.06376493
20151001	0	0.01	13.936017	0.092734039
20151001	0	0.01	15.727266	0.10636002
20151001	0	0.01	11.948678	0.064008892
20151001	0	0.01	13.206664	0.063416183
20151001	0	0.01	13.569462	0.061714113
20151001	0	0.01	13.240057	0.079921782
20151001	0	0.01	13.136825	0.071433306
20151001	0	0.01	14.814015	0.078377783
20151001	0	0.01	11.886927	0.051950872
20151001	0	0.01	13.265046	0.076532781
20151001	0	0.01	12.732867	0.074208736
20151001	0	0.01	13.899003	0.075747073
20151001	0	0.01	12.552416	0.032928944
20151001	0	0.01	14.390671	0.10421973
20151001	0	0.01	12.288749	0.044686556
20151001	0	0.01	12.255767	0.07475704
20151001	0	0.01	15.12375	0.074939191
20151001	0	0.01	14.606397	0.069642246
20151001	0	0.01	13.072242	0.068556309
20151001	0	0.01	14.631567	0.085913301
20151001	0	0.01	12.850807	0.067723095
20151001	0	0.01	15.104273	0.078640103
20151001	0	0.01	13.867197	0.064888179
20151001	0	0.01	16.213423	0.094132006
20151001	0	0.01	12.101676	0.061037838
20151001	0	0.01	17.043255	0.1000998
20151001	0	0.01	13.747271	0.065170944
20151001	0	0.01	15.03101	0.094588995
20151001	0	0.01	14.290601	0.083319128
20151001	0	0.01	16.335516	0.056000352
20151001	0	0.01	14.033372	0.077413857
20151001	0	0.01	15.443954	0.088557482
20151001	0	0.01	13.917522	0.05480355
20151001	0	0.01	15.729606	0.10729384
20151001	0	0.01	16.650099	0.0912714
20151001	0	0.01	14.085715	0.083402038
20151001	0	0.01	14.215733	0.072466552
20151001	0	0.01	13.181565	0.057936668
20151001	0	0.01	14.101381	0.066717207
20151001	0	0.01	13.816689	0.075045705
20151001	0	0.01	12.243751	0.059688926
20151001	0	0.01	14.709322	0.090261579
20151001	0	0.01	12.706832	0.048337698
20151001	0	0.01	15.645164	0.06300211
20151001	0	0.01	15.656919	0.08414638
20151001	0	0.01	15.47014	0.080295563
20151001	0	0.01	13.996614	0.080705225
20151001	0	0.01	14.555925	0.071802557
20151001	0	0.01	13.922809	0.071689785
20151001	0	0.01	13.487865	0.061613142
20151001	0	0.01	14.182043	0.084521472
20151001	0	0.01	14.257088	0.074069381
20151001	0	0.01	14.979513	0.068436384
20151001	0	0.01	15.341161	0.079352915
20151001	0	0.01	12.540685	0.053218305
20151001	0	0.01	16.179344	0.070256591
20151001	0	0.01	16.072096	0.079845786
20151001	0	0.01	12.14417	0.05123806
20151001	0	0.01	14.259668	0.087928593
20151001	0	0.01	13.397534	0.051691532
20151001	0	0.01	12.715516	0.079217196
20151001	0	0.01	14.821465	0.091733634
20151001	0	0.01	14.075262	0.083162248
20151001	0	0.01	15.498656	0.079089344
20151001	0	0.01	16.29492	0.084648013
20151001	0	0.01	13.912233	0.081669688
20151001	0	0.01	13.251169	0.067471921
20151001	0	0.01	12.107756	0.059182644
20151001	0	0.01	13.21502	0.097652674
20151001	0	0.01	16.384998	0.093906283
20151001	0	0.01	12.34551	0.084267735
20151001	0	0.01	13.276137	0.064370215
20151001	0	0.01	13.715114	0.075229585
20151001	0	0.01	12.183496	0.047374368
20151001	0	0.01	12.796288	0.042800903
20151001	0	0.01	13.957124	0.11276668
20151001	0	0.01	12.552416	0.046186447
20151001	0	0.01	14.583707	0.075173676
20151001	0	0.01	14.510351	0.063529491
20151001	0	0.01	15.381882	0.085117996
20151001	0	0.01	15.517638	0.086730242
20151001	0	0.01	13.383795	0.075060308
20151001	0	0.01	13.430452	0.071802974
20151001	0	0.01	13.39204	0.10802603
20151001	0	0.01	12.336565	0.05619067
20151001	0	0.01	16.661144	0.087885022
20151001	0	0.01	13.580305	0.061975479
20151001	0	0.01	15.206248	0.070312262
20151001	0	0.01	13.755299	0.054888368
20151001	0	0.01	13.704378	0.060377479
20151001	0	0.01	14.576135	0.080625832
20151001	0	0.01	13.203878	0.068086267
20151001	0	0.01	13.787361	0.0715698
20151001	0	0.01	14.462089	0.073125541
20151001	0	0.01	13.471487	0.071443617
20151001	0	0.01	12.037653	0.064501286
20151001	0	0.01	12.255767	0.042124391
20151001	0	0.01	16.947992	0.083632231
20151001	0	0.01	14.254506	0.06546098
20151001	0	0.01	13.795366	0.099271894
20151001	0	0.01	12.434605	0.053308606
20151001	0	0.01	14.161271	0.077679932
20151001	0	0.01	12.549484	0.058820069
20151001	0	0.01	14.13266	0.075373471
20151001	0	0.01	12.052928	0.069562733
20151001	0	0.01	12.619658	0.050078332
20151001	0	0.01	12.552416	0.060995281
20151001	0	0.01	15.510523	0.074946404
20151001	0	0.01	13.223372	0.044448137
20151001	0	0.01	15.971043	0.084381461
20151001	0	0.01	12.593389	0.053828239
20151001	0	0.01	13.289989	0.089998901
20151001	0	0.01	13.072242	0.070505679
20151001	0	0.01	13.060977	0.048976839
20151001	0	0.01	14.510351	0.071900964
20151001	0	0.01	16.828156	0.093313813
20151001	0	0.01	12.481863	0.07835114
20151001	0	0.01	16.583666	0.089114368
20151001	0	0.01	13.345248	0.08921665
20151001	0	0.01	15.834525	0.081895769
20151001	0	0.01	15.759987	0.085439444
20151001	0	0.01	9.9785604	0.010728657
20151001	0	0.01	14.482429	0.073654175
20151001	0	0.01	15.013864	0.090847552
20151001	0	0.01	14.339439	0.071747661
20151001	0	0.01	14.169064	0.073531926
20151001	0	0.01	15.586254	0.076609731
20151001	0	0.01	16.117821	0.085281372
20151001	0	0.01	14.689296	0.065750957
20151001	0	0.01	11.871439	0.061099708
20151001	0	0.01	12.528942	0.055153489
20151001	0	0.01	14.54075	0.092491806
20151001	0	0.01	13.198304	0.057048917
20151001	0	0.01	17.585186	0.10648257
20151001	0	0.01	11.158843	0.053710401
20151001	0	0.01	14.974599	0.087110341
20151001	0	0.01	12.393107	0.046710312
20151001	0	0.01	12.122942	0.056745231
20151001	0	0.01	15.196566	0.064277947
20151001	0	0.01	11.790574	0.070260584
20151001	0	0.01	13.39204	0.081392288
20151001	0	0.01	12.575846	0.044077039
20151001	0	0.01	13.90165	0.075567126
20151001	0	0.01	14.969685	0.066574097
20151001	0	0.01	15.659268	0.060603261
20151001	0	0.01	12.613826	0.06858325
20151001	0	0.01	13.111591	0.075416982
20151001	0	0.01	13.278909	0.083342969
20151001	0	0.01	13.928094	0.066027164
20151001	0	0.01	15.104273	0.056912601
20151001	0	0.01	13.8007	0.076382041
20151001	0	0.01	15.152918	0.10171402
20151001	0	0.01	14.689296	0.092722476
20151001	0	0.01	13.364535	0.063488781
20151001	0	0.01	14.088327	0.088971436
20151001	0	0.01	13.120008	0.060504436
20151001	0	0.01	13.922809	0.059840083
20151001	0	0.01	13.585723	0.067616701
20151001	0	0.01	13.725841	0.051917911
20151001	0	0.01	12.827879	0.061259449
20151001	0	0.01	12.990355	0.063873768
20151001	0	0.01	11.948678	0.070055664
20151001	0	0.01	13.553182	0.074720144
20151001	0	0.01	12.738646	0.072807491
20151001	0	0.01	14.603877	0.083498776
20151001	0	0.01	13.240057	0.046286464
20151001	0	0.01	14.359954	0.069296718
20151001	0	0.01	15.094525	0.085200369
20151001	0	0.01	14.78169	0.055559397
20151001	0	0.01	17.336517	0.090147018
20151001	0	0.01	12.63423	0.042168319
20151001	0	0.01	14.072648	0.063075423
20151001	0	0.01	15.27867	0.070773661
20151001	0	0.01	12.622574	0.086730659
20151001	0	0.01	15.913339	0.091020763
20151001	0	0.01	15.259392	0.0802477
20151001	0	0.01	14.654183	0.055426836
20151001	0	0.01	13.397534	0.066309154
20151001	0	0.01	13.083497	0.046231508
20151001	0	0.01	12.625489	0.065534711
20151001	0	0.01	12.648783	0.036463857
20151001	0	0.01	16.508053	0.11080545
20151001	0	0.01	14.801591	0.090159833
20151001	0	0.01	13.416746	0.079968393
20151001	0	0.01	14.754281	0.10572374
20151001	0	0.01	13.07787	0.067148566
20151001	0	0.01	14.150873	0.079212964
20151001	0	0.01	15.50815	0.094682097
20151001	0	0.01	13.323172	0.075643122
20151001	0	0.01	13.77134	0.081122577
20151001	0	0.01	13.01865	0.077577531
20151001	0	0.01	14.996698	0.10325849
20151001	0	0.01	13.094742	0.093787849
20151001	0	0.01	14.14307	0.076905012
20151001	0	0.01	16.963184	0.081072211
20151001	0	0.01	13.534163	0.073262036
20151001	0	0.01	12.692345	0.074507236
20151001	0	0.01	14.583707	0.10084248
20151001	0	0.01	15.671013	0.092361808
20151001	0	0.01	13.212235	0.084524453
20151001	0	0.01	10.330063	0.055513084
20151001	0	0.01	13.755299	0.056858122
20151001	0	0.01	13.292757	0.073723853
20151001	0	0.01	13.015823	0.066956222
20151001	0	0.01	11.991714	0.065548718
20151001	0	0.01	14.823948	0.066984057
20151001	0	0.01	12.750196	0.033999324
20151001	0	0.01	13.545034	0.073697269
20151001	0	0.01	12.599232	0.054245591
20151001	0	0.01	14.82643	0.073878944
20151001	0	0.01	13.553182	0.099961042
20151001	0	0.01	15.434421	0.076694012
20151001	0	0.01	15.47014	0.067739904
20151001	0	0.01	13.988726	0.065587461
20151001	0	0.01	13.747271	0.11007744
20151001	0	0.01	14.244177	0.082765639
20151001	0	0.01	17.484459	0.11183971
20151001	0	0.01	18.651415	0.081275642
20151001	0	0.01	14.117029	0.062996805
20151001	0	0.01	15.314754	0.067621469
20151001	0	0.01	15.484405	0.091178536
20151001	0	0.01	13.038421	0.057636082
20151001	0	0.01	17.17445	0.1014021
20151001	0	0.01	12.291742	0.064465463
20151001	0	0.01	12.738646	0.084208608
20151001	0	0.01	12.15931	0.083985806
20151001	0	0.01	13.856579	0.074823678
20151001	0	0.01	12.804911	0.061322808
20151001	0	0.01	11.601812	0.043398559
20151001	0	0.01	15.001605	0.10810238
20151001	0	0.01	13.032775	0.047616601
20151001	0	0.01	13.899003	0.070853591
20151001	0	0.01	13.479679	0.098506749
20151001	0	0.01	12.599232	0.061130464
20151001	0	0.01	13.237277	0.079609931
20151001	0	0.01	14.656694	0.086639822
20151001	0	0.01	12.830748	0.062481105
20151001	0	0.01	12.446437	0.040217698
20151001	0	0.01	12.813529	0.085754752
20151001	0	0.01	8.5054197	0.032634795
20151001	0	0.01	12.419801	0.076894641
20151001	0	0.01	15.269034	0.083712637
20151001	0	0.01	13.688258	0.071387112
20151001	0	0.01	12.53775	0.052623034
20151001	0	0.01	12.180475	0.0489043
20151001	0	0.01	11.503072	0.044266701
20151001	0	0.01	14.223495	0.076750159
20151001	0	0.01	12.467114	0.074468255
20151001	0	0.01	13.00168	0.076196909
20151001	0	0.01	14.14307	0.077279866
20151001	0	0.01	14.426424	0.077252746
20151001	0	0.01	13.620888	0.066985309
20151001	0	0.01	11.092696	0.071833014
20151001	0	0.01	16.612486	0.080664992
20151001	0	0.01	16.242899	0.086782515
20151001	0	0.01	12.228715	0.066311538
20151001	0	0.01	13.455088	0.06723696
20151001	0	0.01	15.959518	0.093191743
20151001	0	0.01	14.73931	0.051501691
20151001	0	0.01	15.904087	0.095260441
20151001	0	0.01	11.687133	0.040248752
20151001	0	0.01	13.226153	0.065557301
20151001	0	0.01	13.851267	0.069531381
20151001	0	0.01	11.214761	0.048929751
20151001	0	0.01	12.493649	0.08456099
20151001	0	0.01	12.993187	0.0489434
20151001	0	0.01	13.359027	0.080001831
20151001	0	0.01	16.425371	0.076393366
20151001	0	0.01	15.89483	0.08685565
20151001	0	0.01	15.825228	0.065555096
20151001	0	0.01	15.12375	0.074319541
20151001	0	0.01	13.419489	0.083465517
20151001	0	0.01	12.648783	0.067210019
20151001	0	0.01	13.356273	0.057772696
20151001	0	0.01	14.469719	0.059848487
20151001	0	0.01	13.5396	0.061924338
20151001	0	0.01	16.612486	0.095087767
20151001	0	0.01	12.543618	0.066850126
20151001	0	0.01	12.36338	0.077930748
20151001	0	0.01	16.716267	0.084965169
20151001	0	0.01	13.424972	0.062550128
20151001	0	0.01	12.095593	0.038181365
20151001	0	0.01	13.9703	0.062369764
20151001	0	0.01	13.872503	0.053429782
20151001	0	0.01	11.824854	0.052248836
20151001	0	0.01	12.807784	0.065280735
20151001	0	0.01	17.774584	0.106022
20151001	0	0.01	14.213144	0.081641376
20151001	0	0.01	15.118882	0.085132182
20151001	0	0.01	13.189938	0.071132839
20151001	0	0.01	14.984425	0.0575881
20151001	0	0.01	12.177454	0.056901932
20151001	0	0.01	13.993986	0.075445056
20151001	0	0.01	13.203878	0.066216171
20151001	0	0.01	14.935231	0.073622465
20151001	0	0.01	15.562628	0.085616946
20151001	0	0.01	15.76699	0.072156906
20151001	0	0.01	15.818251	0.067919314
20151001	0	0.01	14.09094	0.085528433
20151001	0	0.01	16.17252	0.087965727
20151001	0	0.01	14.779201	0.070568025
20151001	0	0.01	13.528725	0.06021291
20151001	0	0.01	12.689445	0.066345632
20151001	0	0.01	10.499651	0.0096335411
20151001	0	0.01	13.100361	0.057622373
20151001	0	0.01	16.288145	0.083320081
20151001	0	0.01	13.938657	0.093654633
20151001	0	0.01	12.94211	0.072965264
20151001	0	0.01	13.097551	0.077680707
20151001	0	0.01	13.419489	0.068829179
20151001	0	0.01	13.424972	0.061179221
20151001	0	0.01	13.763322	0.065606892
20151001	0	0.01	12.657507	0.063967645
20151001	0	0.01	13.131221	0.07024014
20151001	0	0.01	14.451908	0.076802135
20151001	0	0.01	12.21366	0.054990649
20151001	0	0.01	12.071232	0.061679661
20151001	0	0.01	12.546552	0.05740577
20151001	0	0.01	13.528725	0.066978455
20151001	0	0.01	13.122812	0.069478929
20151001	0	0.01	12.78478	0.065524638
20151001	0	0.01	13.125615	0.070377111
20151001	0	0.01	13.653266	0.072627902
20151001	0	0.01	13.242836	0.082648396
20151001	0	0.01	14.195009	0.078045428
20151001	0	0.01	15.329164	0.08779484
20151001	0	0.01	12.99885	0.052138925
20151001	0	0.01	12.413874	0.031447947
20151001	0	0.01	14.244177	0.069635272
20151001	0	0.01	14.754281	0.083052397
20151001	0	0.01	15.642811	0.077440202
20151001	0	0.01	14.940158	0.052285969
20151001	0	0.01	13.386544	0.071604013
20151001	0	0.01	16.258749	0.087744951
20151001	0	0.01	12.94211	0.053136706
20151001	0	0.01	12.990355	0.091174185
20151001	0	0.01	13.555897	0.076648593
20151001	0	0.01	16.373766	0.088135004
20151001	0	0.01	13.139626	0.069007397
20151001	0	0.01	14.416218	0.076933265
20151001	0	0.01	16.067516	0.087935686
20151001	0	0.01	13.9703	0.10464036
20151001	0	0.01	13.31212	0.056884408
20151001	0	0.01	13.68019	0.053035438
20151001	0	0.01	12.413874	0.050235271
20151001	0	0.01	12.219685	0.068485081
20151001	0	0.01	15.938754	0.059943855
20151001	0	0.01	17.668688	0.11466223
20151001	0	0.01	14.596316	0.095650077
20151001	0	0.01	14.176853	0.063076854
20151001	0	0.01	15.203828	0.10242498
20151001	0	0.01	14.218321	0.061787903
20151001	0	0.01	14.421322	0.064640701
20151001	0	0.01	15.631045	0.088729441
20151001	0	0.01	14.669242	0.066827893
20151001	0	0.01	11.85593	0.061687529
20151001	0	0.01	13.131221	0.064238369
20151001	0	0.01	14.629052	0.10309619
20151001	0	0.01	12.804911	0.060049176
20151001	0	0.01	13.501498	0.060767472
20151001	0	0.01	11.636648	0.048618674
20151001	0	0.01	12.534815	0.060326278
20151001	0	0.01	13.156418	0.064782143
20151001	0	0.01	13.731201	0.082578421
20151001	0	0.01	15.242502	0.08164537
20151001	0	0.01	14.868561	0.073291242
20151001	0	0.01	16.882732	0.089544415
20151001	0	0.01	12.1472	0.080538154
20151001	0	0.01	13.148024	0.060425818
20151001	0	0.01	14.306042	0.06764549
20151001	0	0.01	13.28168	0.067551851
20151001	0	0.01	15.510523	0.090433955
20151001	0	0.01	13.504224	0.05903554
20151001	0	0.01	12.761734	0.052329242
20151001	0	0.01	12.862256	0.047757268
20151001	0	0.01	12.599232	0.062719166
20151001	0	0.01	13.569462	0.060276449
20151001	0	0.01	14.746798	0.072940707
20151001	0	0.01	12.282759	0.073847473
20151001	0	0.01	12.153256	0.060382962
20151001	0	0.01	15.47014	0.073138773
20151001	0	0.01	13.49332	0.087886333
20151001	0	0.01	13.37004	0.065244019
20151001	0	0.01	15.391447	0.079298496
20151001	0	0.01	13.661349	0.054904342
20151001	0	0.01	11.809284	0.054745376
20151001	0	0.01	11.541393	0.067133665
20151001	0	0.01	12.294736	0.047218084
20151001	0	0.01	15.249743	0.091588438
20151001	0	0.01	17.178734	0.089749217
20151001	0	0.01	14.23901	0.091375649
20151001	0	0.01	11.303003	0.063549519
20151001	0	0.01	12.590466	0.048754513
20151001	0	0.01	14.051714	0.072086513
20151001	0	0.01	14.098772	0.090523064
20151001	0	0.01	17.159445	0.084404767
20151001	0	0.01	12.773262	0.065322876
20151001	0	0.01	13.77134	0.079184949
20151001	0	0.01	13.164805	0.089691401
20151001	0	0.01	13.904297	0.08138895
20151001	0	0.01	14.064801	0.081664085
20151001	0	0.01	15.065244	0.087664485
20151001	0	0.01	13.066611	0.081058741
20151001	0	0.01	13.105977	0.055674016
20151001	0	0.01	11.46783	0.050102472
20151001	0	0.01	12.637141	0.085779965
20151001	0	0.01	10.837658	0.045497358
20151001	0	0.01	13.757974	0.078576863
20151001	0	0.01	13.490593	0.071510553
20151001	0	0.01	14.259668	0.10670656
20151001	0	0.01	12.399044	0.073652029
20151001	0	0.01	13.528725	0.062486708
20151001	0	0.01	15.266624	0.086214185
20151001	0	0.01	13.601964	0.065047801
20151001	0	0.01	12.970511	0.063967824
20151001	0	0.01	13.853923	0.058552206
20151001	0	0.01	13.350761	0.092978954
20151001	0	0.01	11.809284	0.073213995
20151001	0	0.01	13.696321	0.079700768
20151001	0	0.01	16.603622	0.087377787
20151001	0	0.01	13.342491	0.058367372
20151001	0	0.01	14.64916	0.069688439
20151001	0	0.01	12.21366	0.044759452
20151001	0	0.01	13.827337	0.065888941
20151001	0	0.01	13.159214	0.068929851
20151001	0	0.01	15.264214	0.086056232
20151001	0	0.01	15.077452	0.10171646
20151001	0	0.01	11.877636	0.066720247
20151001	0	0.01	15.491532	0.057498217
20151001	0	0.01	11.039493	0.048942447
20151001	0	0.01	14.09094	0.096075892
20151001	0	0.01	15.839172	0.072638631
20151001	0	0.01	12.387168	0.063245296
20151001	0	0.01	12.916496	0.047402143
20151001	0	0.01	12.306702	0.062204063
20151001	0	0.01	16.233835	0.070535183
20151001	0	0.01	15.635753	0.074210644
20151001	0	0.01	13.444144	0.055326462
20151001	0	0.01	14.818983	0.072291911
20151001	0	0.01	15.420109	0.074980557
20151001	0	0.01	16.040012	0.064889729
20151001	0	0.01	14.388113	0.07900089
20151001	0	0.01	13.917522	0.087783337
20151001	0	0.01	15.583893	0.069226921
20151001	0	0.01	13.693633	0.072554648
20151001	0	0.01	14.382998	0.058472157
20151001	0	0.01	12.282759	0.043267608
20151001	0	0.01	12.78478	0.051533937
20151001	0	0.01	13.967666	0.061112404
20151001	0	0.01	12.517189	0.078346372
20151001	0	0.01	19.379017	0.11328012
20151001	0	0.01	14.811532	0.090839148
20151001	0	0.01	15.101836	0.080128908
20151001	0	0.01	17.838644	0.10582763
20151001	0	0.01	13.986095	0.062860489
20151001	0	0.01	13.424972	0.067285895
20151001	0	0.01	14.101381	0.091881454
20151001	0	0.01	13.536882	0.07346034
20151001	0	0.01	14.40345	0.063884497
20151001	0	0.01	13.323172	0.068899512
20151001	0	0.01	13.253945	0.071104348
20151001	0	0.01	12.807784	0.066932201
20151001	0	0.01	12.701039	0.053324163
20151001	0	0.01	13.066611	0.059851825
20151001	0	0.01	16.371519	0.082368731
20151001	0	0.01	16.625771	0.070606768
20151001	0	0.01	13.397534	0.053274453
20151001	0	0.01	17.44232	0.097020864
20151001	0	0.01	12.976184	0.074383974
20151001	0	0.01	14.796618	0.091260493
20151001	0	0.01	13.765995	0.067622542
20151001	0	0.01	12.616742	0.046872437
20151001	0	0.01	13.444144	0.07542789
20151001	0	0.01	11.661918	0.043443978
20151001	0	0.01	11.519055	0.054752052
20151001	0	0.01	13.314884	0.063702524
20151001	0	0.01	15.443954	0.072627962
20151001	0	0.01	13.962396	0.05633527
20151001	0	0.01	12.478914	0.050736427
20151001	0	0.01	17.04973	0.09340471
20151001	0	0.01	12.587543	0.06019026
20151001	0	0.01	14.336873	0.093700528
20151001	0	0.01	15.140771	0.070335269
20151001	0	0.01	15.283486	0.077808738
20151001	0	0.01	14.14307	0.080646813
20151001	0	0.01	12.902245	0.053884208
20151001	0	0.01	12.628403	0.076306105
20151001	0	0.01	13.41126	0.052079678
20151001	0	0.01	14.786668	0.062412381
20151001	0	0.01	12.378252	0.057315648
20151001	0	0.01	14.280297	0.05105406
20151001	0	0.01	13.463289	0.066482186
20151001	0	0.01	13.01865	0.073237419
20151001	0	0.01	14.064801	0.064680815
20151001	0	0.01	13.367288	0.076110482
20151001	0	0.01	14.656694	0.071936309
20151001	0	0.01	12.984688	0.072369576
20151001	0	0.01	11.254065	0.044589043
20151001	0	0.01	12.037653	0.05115211
20151001	0	0.01	14.308614	0.08149904
20151001	0	0.01	14.025503	0.070646644
20151001	0	0.01	13.558611	0.072454572
20151001	0	0.01	15.769323	0.082180917
20151001	0	0.01	15.035905	0.046803594
20151001	0	0.01	14.223495	0.0671556
20151001	0	0.01	13.585723	0.093250751
20151001	0	0.01	14.984425	0.074631631
20151001	0	0.01	14.581183	0.071886063
20151001	0	0.01	17.09284	0.073001444
20151001	0	0.01	13.803366	0.089679599
20151001	0	0.01	14.390671	0.083123863
20151001	0	0.01	14.927838	0.066906691
20151001	0	0.01	12.613826	0.056893349
20151001	0	0.01	13.091931	0.06248045
20151001	0	0.01	14.015005	0.082526267
20151001	0	0.01	13.331455	0.07213521
20151001	0	0.01	12.695244	0.061641157
20151001	0	0.01	13.389293	0.081451476
20151001	0	0.01	12.790535	0.089960396
20151001	0	0.01	13.996614	0.068894207
20151001	0	0.01	13.07787	0.058781564
20151001	0	0.01	16.828156	0.062943161
20151001	0	0.01	12.013174	0.048279285
20151001	0	0.01	12.987522	0.078356087
20151001	0	0.01	11.438916	0.058470666
20151001	0	0.01	15.515266	0.074755907
20151001	0	0.01	12.517189	0.053784192
20151001	0	0.01	12.270769	0.074849069
20151001	0	0.01	14.236425	0.089060128
20151001	0	0.01	15.576808	0.072312772
20151001	0	0.01	13.39204	0.079577863
20151001	0	0.01	15.405785	0.088259101
20151001	0	0.01	12.810657	0.053240776
20151001	0	0.01	12.66913	0.047749877
20151001	0	0.01	15.703853	0.059927583
20151001	0	0.01	12.34849	0.0381127
20151001	0	0.01	16.113255	0.079604328
20151001	0	0.01	15.52001	0.070207417
20151001	0	0.01	12.674938	0.057984293
20151001	0	0.01	11.78433	0.048730671
20151001	0	0.01	13.32041	0.084190488
20151001	0	0.01	12.602152	0.071822584
20151001	0	0.01	15.13591	0.074135721
20151001	0	0.01	12.540685	0.050816834
20151001	0	0.01	14.616469	0.076615691
20151001	0	0.01	12.306702	0.074755132
20151001	0	0.01	13.555897	0.0502159
20151001	0	0.01	13.704378	0.057586312
20151001	0	0.01	12.873693	0.059764147
20151001	0	0.01	15.463003	0.062661588
20151001	0	0.01	13.498773	0.098110378
20151001	0	0.01	13.967666	0.080396891
20151001	0	0.01	15.491532	0.061451375
20151001	0	0.01	14.701816	0.072439015
20151001	0	0.01	12.701039	0.051980793
20151001	0	0.01	13.68557	0.069448531
20151001	0	0.01	13.752624	0.058023036
20151001	0	0.01	12.34849	0.10337394
20151001	0	0.01	12.645874	0.093193889
20151001	0	0.01	12.776142	0.092733204
20151001	0	0.01	13.217805	0.098574638
20151001	0	0.01	13.634388	0.072080791
20151001	0	0.01	15.362732	0.077303767
20151001	0	0.01	12.596311	0.073610485
20151001	0	0.01	16.263275	0.10202062
20151001	0	0.01	13.07787	0.057784796
20151001	0	0.01	14.137866	0.066546857
20151001	0	0.01	16.939304	0.094159663
20151001	0	0.01	15.593335	0.066644251
20151001	0	0.01	13.593846	0.068669677
20151001	0	0.01	11.84351	0.068747103
20151001	0	0.01	12.660414	0.048527896
20151001	0	0.01	13.715114	0.057128966
20151001	0	0.01	12.15931	0.071017325
20151001	0	0.01	12.174432	0.048238575
20151001	0	0.01	13.43593	0.074932396
20151001	0	0.01	15.694477	0.081140995
20151001	0	0.01	14.591273	0.076807022
20151001	0	0.01	12.567064	0.079989076
20151001	0	0.01	14.57361	0.076685727
20151001	0	0.01	13.978199	0.067077041
20151001	0	0.01	13.84861	0.052746832
20151001	0	0.01	14.326603	0.063033581
20151001	0	0.01	14.744302	0.055137813
20151001	0	0.01	12.207634	0.043809414
20151001	0	0.01	13.983463	0.088374019
20151001	0	0.01	14.228669	0.07496351
20151001	0	0.01	11.902394	0.061376154
20151001	0	0.01	14.56856	0.072939396
20151001	0	0.01	12.913647	0.06218189
20151001	0	0.01	15.121316	0.073441446
20151001	0	0.01	16.376013	0.070478261
20151001	0	0.01	11.997849	0.055741012
20151001	0	0.01	14.937695	0.075455427
20151001	0	0.01	15.957213	0.077456236
20151001	0	0.01	14.977057	0.07057327
20151001	0	0.01	13.220588	0.062976658
20151001	0	0.01	12.625489	0.058205068
20151001	0	0.01	15.614558	0.055618346
20151001	0	0.01	11.668226	0.033926547
20151001	0	0.01	15.680403	0.076848269
20151001	0	0.01	14.669242	0.071758747
20151001	0	0.01	12.712623	0.047452629
20151001	0	0.01	14.550868	0.062110841
20151001	0	0.01	12.75308	0.084100842
20151001	0	0.01	15.196566	0.10221958
20151001	0	0.01	14.220908	0.092663407
20151001	0	0.01	16.766819	0.072530806
20151001	0	0.01	14.972142	0.080301762
20151001	0	0.01	14.490049	0.062298417
20151001	0	0.01	13.824676	0.067769885
20151001	0	0.01	13.364535	0.072459936
20151001	0	0.01	14.925373	0.06127423
20151001	0	0.01	12.71841	0.089783132
20151001	0	0.01	13.386544	0.087143838
20151001	0	0.01	16.616915	0.097349703
20151001	0	0.01	18.749798	0.13765633
20151001	0	0.01	14.423873	0.093908429
20151001	0	0.01	13.696321	0.057875931
20151001	0	0.01	13.482409	0.09174037
20151001	0	0.01	12.993187	0.061506271
20151001	0	0.01	14.08049	0.04693681
20151001	0	0.01	15.138341	0.079228699
20151001	0	0.01	13.449617	0.070216715
20151001	0	0.01	12.219685	0.047825575
20151001	0	0.01	13.542317	0.059185803
20151001	0	0.01	16.29492	0.087133527
20151001	0	0.01	11.286715	0.06355989
20151001	0	0.01	16.41865	0.070511162
20151001	0	0.01	12.062083	0.056889951
20151001	0	0.01	13.331455	0.071662903
20151001	0	0.01	14.426424	0.063133478
20151001	0	0.01	12.174432	0.077639282
20151001	0	0.01	12.735757	0.050004661
20151001	0	0.01	14.591273	0.061005771
20151001	0	0.01	16.707458	0.094365239
20151001	0	0.01	14.801591	0.10746789
20151001	0	0.01	16.736065	0.073960364
20151001	0	0.01	14.984425	0.066557109
20151001	0	0.01	12.990355	0.075768292
20151001	0	0.01	12.799162	0.099793971
20151001	0	0.01	14.101381	0.077381253
20151001	0	0.01	11.592294	0.041035593
20151001	0	0.01	15.989463	0.098255813
20151001	0	0.01	13.228935	0.06003356
20151001	0	0.01	13.278909	0.063652396
20151001	0	0.01	15.297925	0.0816679
20151001	0	0.01	13.150822	0.079062939
20151001	0	0.01	14.711823	0.06724602
20151001	0	0.01	15.223178	0.069496036
20151001	0	0.01	12.964836	0.076203763
20151001	0	0.01	13.242836	0.079015374
20151001	0	0.01	14.57361	0.082575321
20151001	0	0.01	15.235258	0.068363607
20151001	0	0.01	13.029951	0.065235555
20151001	0	0.01	14.344571	0.08753103
20151001	0	0.01	14.062184	0.073156714
20151001	0	0.01	14.477346	0.048184574
20151001	0	0.01	13.251169	0.096311748
20151001	0	0.01	12.360403	0.064781249
20151001	0	0.01	14.601357	0.058619261
20151001	0	0.01	15.27867	0.064616382
20151001	0	0.01	11.263869	0.066579461
20151001	0	0.01	12.306702	0.041431487
20151001	0	0.01	13.983463	0.07029897
20151001	0	0.01	13.517841	0.078732729
20151001	0	0.01	15.417723	0.060158908
20151001	0	0.01	11.299747	0.048737586
20151001	0	0.01	14.169064	0.077916205
20151001	0	0.01	13.983463	0.088610828
20151001	0	0.01	12.689445	0.074797332
20151001	0	0.01	14.510351	0.072615385
20151001	0	0.01	14.484969	0.069739163
20151001	0	0.01	12.956319	0.068524122
20151001	0	0.01	12.862256	0.069485247
20151001	0	0.01	13.097551	0.053083718
20151001	0	0.01	12.907948	0.044943631
20151001	0	0.01	14.202785	0.067269802
20151001	0	0.01	16.351276	0.076088965
20151001	0	0.01	16.192984	0.095156908
20151001	0	0.01	13.827337	0.058791518
20151001	0	0.01	15.075011	0.07160908
20151001	0	0.01	11.936354	0.035952687
20151001	0	0.01	12.979019	0.067354262
20151001	0	0.01	16.632408	0.086908817
20151001	0	0.01	14.236425	0.062297046
20151001	0	0.01	14.472262	0.073847592
20151001	0	0.01	13.270593	0.076604724
20151001	0	0.01	15.460623	0.11000413
20151001	0	0.01	11.413152	0.068850875
20151001	0	0.01	15.240088	0.073573411
20151001	0	0.01	13.896356	0.067600071
20151001	0	0.01	12.413874	0.050948858
20151001	0	0.01	14.189824	0.072607815
20151001	0	0.01	15.876299	0.081026912
20151001	0	0.01	13.653266	0.086072087
20151001	0	0.01	13.845953	0.057921529
20151001	0	0.01	16.545902	0.092448711
20151001	0	0.01	13.893707	0.072654486
20151001	0	0.01	14.37532	0.086472511
20151001	0	0.01	15.114015	0.077168107
20151001	0	0.01	14.280297	0.063838899
20151001	0	0.01	13.220588	0.094910622
20151001	0	0.01	12.234732	0.048544884
20151001	0	0.01	15.463003	0.067307711
20151001	0	0.01	16.076675	0.083990395
20151001	0	0.01	13.181565	0.046007454
20151001	0	0.01	14.17166	0.070611835
20151001	0	0.01	12.779022	0.062265337
20151001	0	0.01	14.553397	0.077822506
20151001	0	0.01	14.331739	0.068023026
20151001	0	0.01	14.731818	0.072877884
20151001	0	0.01	12.581696	0.056400836
20151001	0	0.01	12.493649	0.061378956
20151001	0	0.01	14.163869	0.081228256
20151001	0	0.01	13.046885	0.053966939
20151001	0	0.01	12.804911	0.057587326
20151001	0	0.01	12.715516	0.064801633
20151001	0	0.01	12.010111	0.047148228
20151001	0	0.01	15.550801	0.083737195
20151001	0	0.01	13.457822	0.065500379
20151001	0	0.01	12.132044	0.063273132
20151001	0	0.01	13.637086	0.086288631
20151001	0	0.01	12.99885	0.06661588
20151001	0	0.01	14.828912	0.077839494
20151001	0	0.01	15.713223	0.07668376
20151001	0	0.01	14.451908	0.071210802
20151001	0	0.01	15.685096	0.075699449
20151001	0	0.01	16.065228	0.09217602
20151001	0	0.01	12.993187	0.14174467
20151001	0	0.01	14.523025	0.09150362
20151001	0	0.01	16.062937	0.10543966
20151001	0	0.01	13.634388	0.071210742
20151001	0	0.01	13.438669	0.075063825
20151001	0	0.01	14.721824	0.077812493
20151001	0	0.01	12.204619	0.067970991
20151001	0	0.01	13.601964	0.068660855
20151001	0	0.01	13.164805	0.066171229
20151001	0	0.01	15.1893	0.078080475
20151001	0	0.01	13.206664	0.061148942
20151001	0	0.01	16.335516	0.08687377
20151001	0	0.01	17.017326	0.10469133
20151001	0	0.01	16.834713	0.073481977
20151001	0	0.01	13.829998	0.059389532
20151001	0	0.01	12.572919	0.079057634
20151001	0	0.01	13.265046	0.080166161
20151001	0	0.01	15.321959	0.079126656
20151001	0	0.01	12.830748	0.055912316
20151001	0	0.01	12.156284	0.041871846
20151001	0	0.01	17.075609	0.084609807
20151001	0	0.01	14.898229	0.10069615
20151001	0	0.01	12.613826	0.083613276
20151001	0	0.01	14.694304	0.073806882
20151001	0	0.01	12.663321	0.061495423
20151001	0	0.01	12.291742	0.043905139
20151001	0	0.01	13.00168	0.046221197
20151001	0	0.01	14.791644	0.091804922
20151001	0	0.01	15.276262	0.073791027
20151001	0	0.01	16.023947	0.082268298
20151001	0	0.01	13.906943	0.060389638
20151001	0	0.01	12.279762	0.065148592
20151001	0	0.01	15.225595	0.09672749
20151001	0	0.01	11.690281	0.066375315
20151001	0	0.01	12.30969	0.054724276
20151001	0	0.01	13.21502	0.068410456
20151001	0	0.01	13.77134	0.074171424
20151001	0	0.01	14.644135	0.079818308
20151001	0	0.01	14.716825	0.08179915
20151001	0	0.01	14.329171	0.09763366
20151001	0	0.01	14.135263	0.078749716
20151001	0	0.01	15.288301	0.082030892
20151001	0	0.01	13.699007	0.066278875
20151001	0	0.01	13.397534	0.04302752
20151001	0	0.01	11.740535	0.056962788
20151001	0	0.01	15.961824	0.086968482
20151001	0	0.01	15.038352	0.081606984
20151001	0	0.01	13.645179	0.075782716
20151001	0	0.01	13.212235	0.061697185
20151001	0	0.01	14.205375	0.10237825
20151001	0	0.01	12.71841	0.043561816
20151001	0	0.01	12.228715	0.070302665
20151001	0	0.01	11.917842	0.013572097
20151001	0	0.01	15.477274	0.083388984
20151001	0	0.01	13.517841	0.091435671
20151001	0	0.01	14.236425	0.048556209
20151001	0	0.01	14.890818	0.062444627
20151001	0	0.01	14.731818	0.050921321
20151001	0	0.01	15.077452	0.074164689
20151001	0	0.01	14.223495	0.087765455
20151001	0	0.01	13.596553	0.065183461
20151001	0	0.01	14.18723	0.067028344
20151001	0	0.01	15.635753	0.06768173
20151001	0	0.01	14.746798	0.07097882
20151001	0	0.01	13.248392	0.062113941
20151001	0	0.01	13.647875	0.069880247
20151001	0	0.01	11.240979	0.055544555
20151001	0	0.01	13.010168	0.059017539
20151001	0	0.01	14.321465	0.070295572
20151001	0	0.01	12.049874	0.058395684
20151001	0	0.01	13.43593	0.064507127
20151001	0	0.01	12.796288	0.047357202
20151001	0	0.01	14.038615	0.071321011
20151001	0	0.01	12.449393	0.056979775
20151001	0	0.01	15.309947	0.058859468
20151001	0	0.01	14.533155	0.050677598
20151001	0	0.01	12.055981	0.047572374
20151001	0	0.01	13.827337	0.055727839
20151001	0	0.01	12.599232	0.073706985
20151001	0	0.01	12.419801	0.056155384
20151001	0	0.01	14.043857	0.06294471
20151001	0	0.01	12.059032	0.053896189
20151001	0	0.01	14.719324	0.074612558
20151001	0	0.01	12.876552	0.053474605
20151001	0	0.01	12.36338	0.061366618
20151001	0	0.01	12.306702	0.056056857
20151001	0	0.01	13.187147	0.074698448
20151001	0	0.01	13.490593	0.06220603
20151001	0	0.01	14.553397	0.072047293
20151001	0	0.01	14.823948	0.055954874
20151001	0	0.01	15.109144	0.062883496
20151001	0	0.01	14.439172	0.073960066
20151001	0	0.01	15.396228	0.071103394
20151001	0	0.01	13.142426	0.083384693
20151001	0	0.01	15.429652	0.070480347
20151001	0	0.01	12.264771	0.064919651
20151001	0	0.01	13.536882	0.049132943
20151001	0	0.01	15.699165	0.077222884
20151001	0	0.01	11.665072	0.050499022
20151001	0	0.01	11.92093	0.056771278
20151001	0	0.01	12.031538	0.043450832
20151001	0	0.01	14.41877	0.073586762
20151001	0	0.01	11.560507	0.053673267
20151001	0	0.01	14.398339	0.054769397
20151001	0	0.01	13.089121	0.067059457
20151001	0	0.01	12.63423	0.033913076
20151001	0	0.01	12.85367	0.048376918
20151001	0	0.01	14.434073	0.071073532
20151001	0	0.01	13.455088	0.05746758
20151001	0	0.01	14.459543	0.078209043
20151001	0	0.01	14.581183	0.088087738
20151001	0	0.01	15.536597	0.082373619
20151001	0	0.01	14.352264	0.048114479
20151001	0	0.01	13.599258	0.092861116
20151001	0	0.01	14.300897	0.082854331
20151001	0	0.01	12.979019	0.080313385
20151001	0	0.01	14.479888	0.056534767
20151001	0	0.01	13.626289	0.092554033
20151001	0	0.01	13.733881	0.071281195
20151001	0	0.01	14.769238	0.087623656
20151001	0	0.01	14.413665	0.083369255
20151001	0	0.01	11.119202	0.08446914
20151001	0	0.01	15.276262	0.068822801
20151001	0	0.01	15.427267	0.07605505
20151001	0	0.01	12.258768	0.05616349
20151001	0	0.01	12.357426	0.061189234
20151001	0	0.01	11.988646	0.040007472
20151001	0	0.01	11.93327	0.050451934
20151001	0	0.01	11.743669	0.046468973
20151001	0	0.01	11.547769	0.068659902
20151001	0	0.01	15.446337	0.065648913
20151001	0	0.01	16.355778	0.083448112
20151001	0	0.01	15.24733	0.076679111
20151001	0	0.01	14.684285	0.089915633
20151001	0	0.01	13.867197	0.084485948
20151001	0	0.01	14.400895	0.093976974
20151001	0	0.01	15.338762	0.049302697
20151001	0	0.01	14.114423	0.099077761
20151001	0	0.01	15.964129	0.070048869
20151001	0	0.01	13.375544	0.064091563
20151001	0	0.01	12.71841	0.060846806
20151001	0	0.01	14.903168	0.072686255
20151001	0	0.01	13.856579	0.059614241
20151001	0	0.01	13.457822	0.059890032
20151001	0	0.01	12.767499	0.067995489
20151001	0	0.01	16.398468	0.096204638
20151001	0	0.01	11.778084	0.036596954
20151001	0	0.01	15.048137	0.065743923
20151001	0	0.01	16.0446	0.10408133
20151001	0	0.01	15.343559	0.085986257
20151001	0	0.01	15.612201	0.089192152
20151001	0	0.01	15.855426	0.084177256
20151001	0	0.01	13.845953	0.054567635
20151001	0	0.01	13.962396	0.049813628
20151001	0	0.01	15.357941	0.073911428
20151001	0	0.01	14.311185	0.075036228
20151001	0	0.01	12.399044	0.063482165
20151001	0	0.01	14.553397	0.095653892
20151001	0	0.01	14.497665	0.080678284
20151001	0	0.01	12.944953	0.076705575
20151001	0	0.01	15.595695	0.080628991
20151001	0	0.01	13.906943	0.055862367
20151001	0	0.01	14.293176	0.098582268
20151001	0	0.01	15.489157	0.071212411
20151001	0	0.01	12.297729	0.044897199
20151001	0	0.01	12.273767	0.054362237
20151001	0	0.01	15.678056	0.0828529
20151001	0	0.01	13.228935	0.068987131
20151001	0	0.01	12.104716	0.052421927
20151001	0	0.01	13.097551	0.051326513
20151001	0	0.01	13.90165	0.089774013
20151001	0	0.01	13.693633	0.056830525
20151001	0	0.01	16.208883	0.10948539
20151001	0	0.01	15.194144	0.094121218
20151001	0	0.01	12.807784	0.062543631
20151001	0	0.01	13.572173	0.076820314
20151001	0	0.01	13.591139	0.055447161
20151001	0	0.01	12.132044	0.066014409
20151001	0	0.01	13.880459	0.082614481
20151001	0	0.01	16.621344	0.10633981
20151001	0	0.01	12.11687	0.0768345
20151001	0	0.01	15.799629	0.0758726
20151001	0	0.01	12.180475	0.079638958
20151001	0	0.01	11.7374	0.067122757
20151001	0	0.01	11.831076	0.048829138
20151001	0	0.01	16.18162	0.10012949
20151001	0	0.01	15.453482	0.085549593
20151001	0	0.01	12.842215	0.056907296
20151001	0	0.01	13.091931	0.053494096
20151001	0	0.01	14.449361	0.077798367
20151001	0	0.01	13.403027	0.082445323
20151001	0	0.01	13.728521	0.07106781
20151001	0	0.01	12.810657	0.04026258
20151001	0	0.01	13.117203	0.070611119
20151001	0	0.01	12.366356	0.046328604
20151001	0	0.01	14.871036	0.087576151
20151001	0	0.01	15.531859	0.073355615
20151001	0	0.01	14.436623	0.093505442
20151001	0	0.01	12.455303	0.070095956
20151001	0	0.01	13.024302	0.073550224
20151001	0	0.01	16.145193	0.063989878
20151001	0	0.01	14.421322	0.085116327
20151001	0	0.01	14.382998	0.083786309
20151001	0	0.01	12.077327	0.054389894
20151001	0	0.01	14.910573	0.082936227
20151001	0	0.01	12.727086	0.090453446
20151001	0	0.01	15.635753	0.078398526
20151001	0	0.01	12.637141	0.075657487
20151001	0	0.01	15.355545	0.066675723
20151001	0	0.01	14.456999	0.070880353
20151001	0	0.01	15.244916	0.069228828
20151001	0	0.01	12.845079	0.080924869
20151001	0	0.01	15.196566	0.089957952
20151001	0	0.01	11.86834	0.046671808
20151001	0	0.01	12.802037	0.058126271
20151001	0	0.01	12.602152	0.051559567
20151001	0	0.01	13.542317	0.087844908
20151001	0	0.01	13.010168	0.080350995
20151001	0	0.01	12.437564	0.071060717
20151001	0	0.01	13.049705	0.061650634
20151001	0	0.01	13.468755	0.048689485
20151001	0	0.01	10.628529	0.050419867
20151001	0	0.01	12.113832	0.054925084
20151001	0	0.01	13.765995	0.071141601
20151001	0	0.01	14.020255	0.091003716
20151001	0	0.01	13.768667	0.079320312
20151001	0	0.01	9.0949879	0.011855245
20151001	0	0.01	12.333582	0.081829071
20151001	0	0.01	16.204342	0.097695231
20151001	0	0.01	13.593846	0.077272058
20151001	0	0.01	13.585723	0.068396688
20151001	0	0.01	14.634082	0.072745383
20151001	0	0.01	16.801895	0.082378566
20151001	0	0.01	15.232842	0.09651047
20151001	0	0.01	13.083497	0.04809612
20151001	0	0.01	12.776142	0.06591028
20151001	0	0.01	12.119906	0.064945221
20151001	0	0.01	11.787453	0.058199584
20151001	0	0.01	13.295525	0.078993022
20151001	0	0.01	13.159214	0.070609152
20151001	0	0.01	16.904514	0.097511172
20151001	0	0.01	14.895759	0.094327271
20151001	0	0.01	14.699312	0.080969751
20151001	0	0.01	12.219685	0.062065601
20151001	0	0.01	12.672034	0.087706327
20151001	0	0.01	13.184357	0.089630604
20151001	0	0.01	13.914878	0.067546785
20151001	0	0.01	15.389056	0.084678471
20151001	0	0.01	13.999244	0.069064379
20151001	0	0.01	15.463003	0.062797666
20151001	0	0.01	12.75885	0.034717679
20151001	0	0.01	14.661715	0.086630285
20151001	0	0.01	12.279762	0.030176461
20151001	0	0.01	10.604267	0.057593822
20151001	0	0.01	13.375544	0.059365928
20151001	0	0.01	14.99179	0.057193935
20151001	0	0.01	15.790311	0.084955454
20151001	0	0.01	13.553182	0.057557881
20151001	0	0.01	11.066127	0.033961475
20151001	0	0.01	11.195057	0.068912208
20151001	0	0.01	11.957912	0.066820204
20151001	0	0.01	13.231716	0.060338318
20151001	0	0.01	12.663321	0.061416745
20151001	0	0.01	15.943371	0.080520153
20151001	0	0.01	14.972142	0.08785671
20151001	0	0.01	14.490049	0.060895205
20151001	0	0.01	12.850807	0.095622182
20151001	0	0.01	12.732867	0.055951536
20151001	0	0.01	14.634082	0.08146143
20151001	0	0.01	13.787361	0.074994802
20151001	0	0.01	13.430452	0.070627987
20151001	0	0.01	12.231724	0.0647946
20151001	0	0.01	14.428974	0.068733811
20151001	0	0.01	14.719324	0.06720382
20151001	0	0.01	11.652448	0.062749386
20151001	0	0.01	13.184357	0.076707959
20151001	0	0.01	14.871036	0.06469065
20151001	0	0.01	16.409683	0.081981719
20151001	0	0.01	14.406004	0.065973639
20151001	0	0.01	13.419489	0.065165997
20151001	0	0.01	12.63423	0.069332719
20151001	0	0.01	12.663321	0.075196266
20151001	0	0.01	12.822141	0.072726607
20151001	0	0.01	13.184357	0.054346204
20151001	0	0.01	12.94211	0.070281029
20151001	0	0.01	12.787658	0.068762362
20151001	0	0.01	14.277719	0.084691525
20151001	0	0.01	13.038421	0.057651937
20151001	0	0.01	14.890818	0.073248208
20151001	0	0.01	11.924016	0.046804905
20151001	0	0.01	13.007339	0.075281739
20151001	0	0.01	14.596316	0.08546412
20151001	0	0.01	14.512886	0.080646813
20151001	0	0.01	12.905097	0.055213988
20151001	0	0.01	12.761734	0.066343486
20151001	0	0.01	14.910573	0.061261714
20151001	0	0.01	13.336974	0.088812292
20151001	0	0.01	15.348354	0.072275102
20151001	0	0.01	15.567355	0.071834147
20151001	0	0.01	12.458257	0.058222651
20151001	0	0.01	15.510523	0.082491934
20151001	0	0.01	12.990355	0.063632309
20151001	0	0.01	13.620888	0.087289989
20151001	0	0.01	12.738646	0.081042469
20151001	0	0.01	12.976184	0.080798268
20151001	0	0.01	13.201092	0.083405256
20151001	0	0.01	14.192417	0.073080599
20151001	0	0.01	14.179448	0.073640645
20151001	0	0.01	15.938754	0.066573441
20151001	0	0.01	14.111815	0.048178077
20151001	0	0.01	12.610909	0.043520033
20151001	0	0.01	15.498656	0.11191362
20151001	0	0.01	13.251169	0.093949318
20151001	0	0.01	12.404978	0.064655185
20151001	0	0.01	19.109413	0.098733783
20151001	0	0.01	16.577007	0.095267773
20151001	0	0.01	14.176853	0.086654544
20151001	0	0.01	15.635753	0.080966413
20151001	0	0.01	12.683644	0.04855907
20151001	0	0.01	15.165055	0.09397316
20151001	0	0.01	14.801591	0.08260721
20151001	0	0.01	14.811532	0.085750163
20151001	0	0.01	13.585723	0.058319747
20151001	0	0.01	13.139626	0.069368303
20151001	0	0.01	13.317647	0.066775143
20151001	0	0.01	15.087211	0.060094535
20151001	0	0.01	15.645164	0.087179303
20151001	0	0.01	14.072648	0.062649846
20151001	0	0.01	14.009753	0.084761262
20151001	0	0.01	15.815924	0.056212068
20151001	0	0.01	14.724323	0.083290696
20151001	0	0.01	12.569992	0.054416299
20151001	0	0.01	13.73656	0.079626322
20151001	0	0.01	16.508053	0.080301225
20151001	0	0.01	12.701039	0.058823347
20151001	0	0.01	15.685096	0.1067602
20151001	0	0.01	11.706008	0.061341822
20151001	0	0.01	12.922193	0.094116986
20151001	0	0.01	14.94262	0.079998314
20151001	0	0.01	15.61927	0.089836478
20151001	0	0.01	12.104716	0.042982578
20151001	0	0.01	14.257088	0.056001067
20151001	0	0.01	11.96714	0.041085839
20151001	0	0.01	12.517189	0.079100966
20151001	0	0.01	13.912233	0.07038331
20151001	0	0.01	12.747309	0.069948256
20151001	0	0.01	15.087211	0.068703651
20151001	0	0.01	15.230427	0.083909154
20151001	0	0.01	16.989195	0.083023429
20151001	0	0.01	16.149752	0.0930655
20151001	0	0.01	13.427712	0.074985683
20151001	0	0.01	14.249343	0.095298946
20151001	0	0.01	13.717796	0.072059333
20151001	0	0.01	15.647515	0.07845068
20151001	0	0.01	12.82501	0.065679967
20151001	0	0.01	16.213423	0.085960627
20151001	0	0.01	15.196566	0.072954655
20151001	0	0.01	12.779022	0.061353922
20151001	0	0.01	14.192417	0.084588349
20151001	0	0.01	11.718575	0.062271655
20151001	0	0.01	13.501498	0.057646096
20151001	0	0.01	12.947795	0.089251578
20151001	0	0.01	12.619658	0.050593734
20151001	0	0.01	12.996018	0.066141307
20151001	0	0.01	15.9526	0.088639081
20151001	0	0.01	12.000916	0.063799679
20151001	0	0.01	15.412949	0.085533202
20151001	0	0.01	12.709727	0.064368904
20151001	0	0.01	12.086463	0.05796665
20151001	0	0.01	16.242899	0.060097694
20151001	0	0.01	12.369331	0.053631425
20151001	0	0.01	15.957213	0.10020822
20151001	0	0.01	15.818251	0.11173487
20151001	0	0.01	13.394788	0.059030175
20151001	0	0.01	16.270061	0.070507169
20151001	0	0.01	16.31974	0.085723937
20151001	0	0.01	15.377096	0.075499654
20151001	0	0.01	13.203878	0.066381335
20151001	0	0.01	14.241593	0.061461031
20151001	0	0.01	14.964767	0.076293111
20151001	0	0.01	15.329164	0.086000979
20151001	0	0.01	13.027126	0.065268815
20151001	0	0.01	14.280297	0.078891039
20151001	0	0.01	12.680743	0.072001994
20151001	0	0.01	13.531445	0.060017884
20151001	0	0.01	14.689296	0.067516327
20151001	0	0.01	14.54328	0.092353404
20151001	0	0.01	12.996018	0.097198665
20151001	0	0.01	16.279106	0.09497124
20151001	0	0.01	12.41091	0.06328547
20151001	0	0.01	11.614492	0.011653304
20151001	0	0.01	11.973289	0.07306397
20151001	0	0.01	14.861135	0.091100156
20151001	0	0.01	12.637141	0.06567663
20151001	0	0.01	14.30347	0.069429398
20151001	0	0.01	15.790311	0.091726899
20151001	0	0.01	11.335511	0.058083892
20151001	0	0.01	13.851267	0.085699975
20151001	0	0.01	11.620827	0.04173249
20151001	0	0.01	13.528725	0.083688259
20151001	0	0.01	13.287219	0.081503987
20151001	0	0.01	16.29492	0.080321074
20151001	0	0.01	12.810657	0.080668747
20151001	0	0.01	13.555897	0.072373331
20151001	0	0.01	13.298292	0.063960195
20151001	0	0.01	13.201092	0.05338949
20151001	0	0.01	15.29552	0.061035037
20151001	0	0.01	12.599232	0.058492422
20151001	0	0.01	12.973348	0.059678137
20151001	0	0.01	16.285885	0.092013419
20151001	0	0.01	13.925451	0.051805019
20151001	0	0.01	14.621504	0.087117195
20151001	0	0.01	14.145672	0.073642731
20151001	0	0.01	15.057915	0.070258021
20151001	0	0.01	15.496282	0.072203815
20151001	0	0.01	15.194144	0.085866928
20151001	0	0.01	14.804077	0.07312274
20151001	0	0.01	14.530623	0.078137636
20151001	0	0.01	13.361781	0.046182156
20151001	0	0.01	12.78478	0.057960987
20151001	0	0.01	13.896356	0.068269789
20151001	0	0.01	14.426424	0.072043896
20151001	0	0.01	12.449393	0.074621677
20151001	0	0.01	16.950163	0.10186172
20151001	0	0.01	14.395783	0.071849108
20151001	0	0.01	13.572173	0.065736711
20151001	0	0.01	13.517841	0.062746465
20151001	0	0.01	13.28168	0.089527249
20151001	0	0.01	14.903168	0.082544506
20151001	0	0.01	14.096162	0.080545545
20151001	0	0.01	15.230427	0.083646297
20151001	0	0.01	13.618186	0.082595468
20151001	0	0.01	12.613826	0.050585687
20151001	0	0.01	13.237277	0.096786857
20151001	0	0.01	12.953479	0.056044996
20151001	0	0.01	13.749948	0.083081007
20151001	0	0.01	14.456999	0.06492281
20151001	0	0.01	13.167601	0.04521668
20151001	0	0.01	13.07787	0.062973142
20151001	0	0.01	13.097551	0.086323082
20151001	0	0.01	15.860066	0.082340062
20151001	0	0.01	12.26777	0.065149486
20151001	0	0.01	12.36338	0.063243151
20151001	0	0.01	13.276137	0.061245143
20151001	0	0.01	13.181565	0.062349677
20151001	0	0.01	14.875983	0.079236746
20151001	0	0.01	14.853704	0.085566461
20151001	0	0.01	16.563684	0.078227103
20151001	0	0.01	13.120008	0.036995411
20151001	0	0.01	12.249761	0.057950854
20151001	0	0.01	12.049874	0.059493959
20151001	0	0.01	13.052524	0.063183963
20151001	0	0.01	12.333582	0.083318233
20151001	0	0.01	14.888347	0.077841699
20151001	0	0.01	19.960808	0.10071945
20151001	0	0.01	12.859395	0.053584754
20151001	0	0.01	14.054333	0.066974163
20151001	0	0.01	12.249761	0.051810861
20151001	0	0.01	13.996614	0.084008813
20151001	0	0.01	13.506948	0.071295917
20151001	0	0.01	13.891058	0.081928313
20151001	0	0.01	14.23384	0.092563033
20151001	0	0.01	13.523284	0.072946787
20151001	0	0.01	16.749252	0.086940587
20151001	0	0.01	12.993187	0.069321334
20151001	0	0.01	14.020255	0.089138806
20151001	0	0.01	12.303711	0.038794279
20151001	0	0.01	14.811532	0.059547365
20151001	0	0.01	16.516966	0.11642206
20151001	0	0.01	13.655961	0.068654776
20151001	0	0.01	13.206664	0.055037439
20151001	0	0.01	12.996018	0.064777792
20151001	0	0.01	16.432093	0.079371095
20151001	0	0.01	17.135841	0.093455195
20151001	0	0.01	12.452348	0.0726946
20151001	0	0.01	11.790574	0.054180682
20151001	0	0.01	15.607487	0.095677197
20151001	0	0.01	11.994782	0.048196316
20151001	0	0.01	15.167481	0.089293659
20151001	0	0.01	12.192554	0.056690097
20151001	0	0.01	12.125977	0.034394681
20151001	0	0.01	15.631045	0.093378425
20151001	0	0.01	14.913041	0.096832097
20151001	0	0.01	12.372306	0.066814125
20151001	0	0.01	14.905637	0.076489091
20151001	0	0.01	12.528942	0.062305927
20151001	0	0.01	12.939266	0.067062378
20151001	0	0.01	12.804911	0.069591105
20151001	0	0.01	15.4511	0.085748136
20151001	0	0.01	13.859234	0.050409377
20151001	0	0.01	12.511309	0.053473651
20151001	0	0.01	14.308614	0.077924132
20151001	0	0.01	14.228669	0.092513323
20151001	0	0.01	14.308614	0.083492875
20151001	0	0.01	17.832453	0.099897563
20151001	0	0.01	15.668665	0.08123529
20151001	0	0.01	14.684285	0.07651484
20151001	0	0.01	13.292757	0.083825231
20151001	0	0.01	14.24676	0.088732302
20151001	0	0.01	12.981854	0.07262522
20151001	0	0.01	13.67481	0.070743501
20151001	0	0.01	11.997849	0.052007556
20151001	0	0.01	14.282874	0.095777333
20151001	0	0.01	14.308614	0.063176036
20151001	0	0.01	12.558277	0.064062297
20151001	0	0.01	13.240057	0.067819774
20151001	0	0.01	17.323776	0.10064632
20151001	0	0.01	13.342491	0.088780761
20151001	0	0.01	14.431524	0.076104045
20151001	0	0.01	14.828912	0.079240978
20151001	0	0.01	14.054333	0.069011271
20151001	0	0.01	11.247523	0.054815888
20151001	0	0.01	12.490704	0.077377856
20151001	0	0.01	12.75308	0.066731572
20151001	0	0.01	14.101381	0.083407998
20151001	0	0.01	12.467114	0.060275197
20151001	0	0.01	12.660414	0.066002309
20151001	0	0.01	15.973346	0.054158986
20151001	0	0.01	13.553182	0.088776767
20151001	0	0.01	13.628989	0.096767724
20151001	0	0.01	12.964836	0.083014429
20151001	0	0.01	13.664042	0.049147844
20151001	0	0.01	12.318655	0.079524755
