Date IfLatB Conc DiameterA_um Def
20151004	1	0.5	12.813529	0.062441349
20151004	1	0.5	16.211153	0.095440924
20151004	1	0.5	12.243751	0.12492895
20151004	1	0.5	16.074387	0.091949224
20151004	1	0.5	12.813529	0.062441349
20151004	1	0.5	16.211153	0.095440924
20151004	1	0.5	12.243751	0.12492895
20151004	1	0.5	16.074387	0.091949224
20151004	1	0.5	12.342529	0.073180139
20151004	1	0.5	12.297729	0.086774766
20151004	1	0.5	15.14806	0.098159611
20151004	1	0.5	11.573233	0.091294646
20151004	1	0.5	12.672034	0.081482291
20151004	1	0.5	11.852827	0.077264965
20151004	1	0.5	12.63423	0.049917519
20151004	1	0.5	18.053932	0.16621196
20151004	1	0.5	13.060977	0.090438962
20151004	1	0.5	14.903168	0.096207917
20151004	1	0.5	13.872503	0.10995269
20151004	1	0.5	12.34551	0.074910164
20151004	1	0.5	12.07428	0.090858519
20151004	1	0.5	15.801958	0.17806739
20151004	1	0.5	12.264771	0.066750288
20151004	1	0.5	12.132044	0.063154995
20151004	1	0.5	14.119636	0.096054316
20151004	1	0.5	13.217805	0.091129005
20151004	1	0.5	12.663321	0.077925563
20151004	1	0.5	11.503072	0.06883502
20151004	1	0.5	11.608154	0.034671903
20151004	1	0.5	13.872503	0.01907897
20151004	1	0.5	13.749948	0.065282643
20151004	1	0.5	13.242836	0.059686601
20151004	1	0.5	16.08354	0.099739134
20151004	1	0.5	12.60799	0.08079952
20151004	1	0.5	13.289989	0.074838459
20151004	1	0.5	12.712623	0.11809689
20151004	1	0.5	12.17141	0.069744289
20151004	1	0.5	12.950638	0.10999638
20151004	1	0.5	11.862137	0.085006416
20151004	1	0.5	16.86965	0.12284207
20151004	1	0.5	14.530623	0.095166147
20151004	1	0.5	14.40345	0.07490164
20151004	1	0.5	18.441107	0.12406129
20151004	1	0.5	12.36338	0.04053998
20151004	1	0.5	15.133478	0.13707483
20151004	1	0.5	13.192726	0.091617823
20151004	1	0.5	14.482429	0.085982025
20151004	1	0.5	16.351276	0.094585538
20151004	1	0.5	15.491532	0.09589839
20151004	1	0.5	12.567064	0.088454008
20151004	1	0.5	12.243751	0.08415252
20151004	1	0.5	14.666733	0.13979512
20151004	1	0.5	14.033372	0.068981469
20151004	1	0.5	12.761734	0.072079778
20151004	1	0.5	12.534815	0.093280852
20151004	1	0.5	14.033372	0.11885971
20151004	1	0.5	12.333582	0.06670624
20151004	1	0.5	12.930733	0.082670689
20151004	1	0.5	14.088327	0.0776968
20151004	1	0.5	14.764254	0.073753417
20151004	1	0.5	13.37004	0.082906902
20151004	1	0.5	12.879409	0.1019612
20151004	1	0.5	11.693428	0.062000453
20151004	1	0.5	11.880734	0.086921334
20151004	1	0.5	12.631316	0.065248549
20151004	1	0.5	12.138108	0.09215498
20151004	1	0.5	17.643681	0.16912574
20151004	1	0.5	15.302735	0.076307952
20151004	1	0.5	13.959761	0.1147905
20151004	1	0.5	12.273767	0.083084583
20151004	1	0.5	11.683984	0.070517719
20151004	1	0.5	10.735316	0.040835142
20151004	1	0.5	14.251925	0.13193893
20151004	1	0.5	15.713223	0.096399903
20151004	1	0.5	12.007047	0.059576094
20151004	1	0.5	12.034595	0.077682793
20151004	1	0.5	14.641623	0.097617686
20151004	1	0.5	13.164805	0.088499486
20151004	1	0.5	14.257088	0.097037852
20151004	1	0.5	15.4511	0.10206705
20151004	1	0.5	14.744302	0.10619897
20151004	1	0.5	14.684285	0.10461313
20151004	1	0.5	17.906584	0.09844327
20151004	1	0.5	11.655605	0.069104671
20151004	1	0.5	12.180475	0.11359912
20151004	1	0.5	12.890832	0.072836459
20151004	1	0.5	14.871036	0.088916183
20151004	1	0.5	12.750196	0.092621028
20151004	1	0.5	11.8124	0.057814658
20151004	1	0.5	12.887978	0.11898774
20151004	1	0.5	14.380439	0.078209996
20151004	1	0.5	11.36145	0.058786154
20151004	1	0.5	12.113832	0.089673519
20151004	1	0.5	12.514249	0.082561433
20151004	1	0.5	12.767499	0.079838514
20151004	1	0.5	14.336873	0.10478127
20151004	1	0.5	13.145225	0.065005124
20151004	1	0.5	12.342529	0.096203923
20151004	1	0.5	12.727086	0.085011542
20151004	1	0.5	11.63981	0.071362615
20151004	1	0.5	15.818251	0.12611651
20151004	1	0.5	13.68557	0.072536528
20151004	1	0.5	14.200193	0.1050716
20151004	1	0.5	14.908105	0.084224522
20151004	1	0.5	12.186516	0.071750998
20151004	1	0.5	15.548434	0.099725842
20151004	1	0.5	15.374703	0.096042097
20151004	1	0.5	12.89654	0.09424156
20151004	1	0.5	12.354448	0.080442727
20151004	1	0.5	12.528942	0.099459648
20151004	1	0.5	8.7148285	0.010653138
20151004	1	0.5	15.908713	0.1448136
20151004	1	0.5	14.137866	0.10416424
20151004	1	0.5	15.574445	0.087856829
20151004	1	0.5	12.936422	0.096371591
20151004	1	0.5	13.089121	0.092582345
20151004	1	0.5	13.795366	0.098331571
20151004	1	0.5	13.203878	0.077697814
20151004	1	0.5	10.628529	0.05909425
20151004	1	0.5	18.320993	0.039399207
20151004	1	0.5	13.105977	0.090810716
20151004	1	0.5	13.00451	0.070217192
20151004	1	0.5	11.652448	0.071799874
20151004	1	0.5	14.959848	0.079106927
20151004	1	0.5	9.848649	0.012897313
20151004	1	0.5	13.534163	0.085984468
20151004	1	0.5	13.134023	0.082528293
20151004	1	0.5	15.780987	0.080109894
20151004	1	0.5	13.596553	0.081714153
20151004	1	0.5	14.01238	0.10458511
20151004	1	0.5	12.735757	0.079459906
20151004	1	0.5	13.262272	0.080601811
20151004	1	0.5	13.156418	0.084704578
20151004	1	0.5	15.479651	0.094476163
20151004	1	0.5	14.593795	0.094780445
20151004	1	0.5	18.157581	0.087162435
20151004	1	0.5	11.438916	0.074196339
20151004	1	0.5	12.907948	0.08022356
20151004	1	0.5	12.26777	0.1024673
20151004	1	0.5	12.508367	0.065315783
20151004	1	0.5	11.824854	0.079839408
20151004	1	0.5	12.842215	0.066419005
20151004	1	0.5	12.007047	0.074771345
20151004	1	0.5	13.787361	0.12406641
20151004	1	0.5	13.397534	0.1174044
20151004	1	0.5	13.867197	0.09240818
20151004	1	0.5	21.279551	0.18129265
20151004	1	0.5	17.043255	0.1194067
20151004	1	0.5	13.220588	0.078525424
20151004	1	0.5	11.862137	0.080151975
20151004	1	0.5	12.315668	0.078033388
20151004	1	0.5	13.111591	0.07546407
20151004	1	0.5	12.680743	0.061098993
20151004	1	0.5	15.843818	0.14991242
20151004	1	0.5	14.093551	0.075095177
20151004	1	0.5	15.230427	0.01627183
20151004	1	0.5	16.224766	0.11237395
20151004	1	0.5	12.396076	0.046083629
20151004	1	0.5	14.111815	0.078205347
20151004	1	0.5	15.477274	0.10423446
20151004	1	0.5	14.616469	0.048604727
20151004	1	0.5	12.610909	0.079392195
20151004	1	0.5	14.202785	0.06838721
20151004	1	0.5	15.27867	0.11665499
20151004	1	0.5	14.223495	0.12547213
20151004	1	0.5	12.237739	0.089440167
20151004	1	0.5	14.135263	0.079865158
20151004	1	0.5	14.54075	0.1067065
20151004	1	0.5	14.354828	0.11217922
20151004	1	0.5	11.627157	0.055508792
20151004	1	0.5	12.695244	0.078372777
20151004	1	0.5	13.438669	0.075056851
20151004	1	0.5	14.73931	0.07597512
20151004	1	0.5	13.184357	0.093538702
20151004	1	0.5	13.212235	0.073063254
20151004	1	0.5	13.496047	0.12270564
20151004	1	0.5	15.341161	0.09408164
20151004	1	0.5	8.2551403	0.05289644
20151004	1	0.5	13.79003	0.10821158
20151004	1	0.5	13.747271	0.07619381
20151004	1	0.5	14.905637	0.097568989
20151004	1	0.5	12.007047	0.075795233
20151004	1	0.5	12.540685	0.078770936
20151004	1	0.5	11.627157	0.053393066
20151004	1	0.5	12.110794	0.067127645
20151004	1	0.5	14.421322	0.10049236
20151004	1	0.5	13.909589	0.083181739
20151004	1	0.5	12.672034	0.081077516
20151004	1	0.5	13.28168	0.06654793
20151004	1	0.5	12.701039	0.059542477
20151004	1	0.5	12.177454	0.12800539
20151004	1	0.5	12.416838	0.073413968
20151004	1	0.5	12.26777	0.074739575
20151004	1	0.5	14.017631	0.081785083
20151004	1	0.5	13.242836	0.066112936
20151004	1	0.5	14.400895	0.11990523
20151004	1	0.5	12.306702	0.068394065
20151004	1	0.5	12.416838	0.063009739
20151004	1	0.5	14.056951	0.082599223
20151004	1	0.5	13.134023	0.094128788
20151004	1	0.5	11.771834	0.066732466
20151004	1	0.5	15.018764	0.11640453
20151004	1	0.5	13.422231	0.081324637
20151004	1	0.5	12.660414	0.077646017
20151004	1	0.5	12.327614	0.067454457
20151004	1	0.5	16.472349	0.096528709
20151004	1	0.5	12.252764	0.072190166
20151004	1	0.5	13.331455	0.064264357
20151004	1	0.5	11.765581	0.11184472
20151004	1	0.5	11.7374	0.043526351
20151004	1	0.5	13.588431	0.063043475
20151004	1	0.5	14.626536	0.063057244
20151004	1	0.5	11.293232	0.070524514
20151004	1	0.5	12.599232	0.10852128
20151004	1	0.5	11.409927	0.079064369
20151004	1	0.5	14.533155	0.10629225
20151004	1	0.5	12.686545	0.13109165
20151004	1	0.5	14.179448	0.10372573
20151004	1	0.5	14.694304	0.10552877
20151004	1	0.5	14.423873	0.057426393
20151004	1	0.5	13.139626	0.06411618
20151004	1	0.5	12.802037	0.073488414
20151004	1	0.5	12.99885	0.073232472
20151004	1	0.5	11.837295	0.074822187
20151004	1	0.5	11.10927	0.058214009
20151004	1	0.5	14.220908	0.095067978
20151004	1	0.5	12.625489	0.075499833
20151004	1	0.5	14.67175	0.083526731
20151004	1	0.5	12.180475	0.042619348
20151004	1	0.5	12.887978	0.086028516
20151004	1	0.5	13.68019	0.10707909
20151004	1	0.5	11.257334	0.071510851
20151004	1	0.5	14.726822	0.092749298
20151004	1	0.5	12.360403	0.074787319
20151004	1	0.5	14.262248	0.079730809
20151004	1	0.5	15.348354	0.096450508
20151004	1	0.5	13.150822	0.099065781
20151004	1	0.5	15.326762	0.082227588
20151004	1	0.5	16.672182	0.090539157
20151004	1	0.5	13.091931	0.090126157
20151004	1	0.5	13.306591	0.1053142
20151004	1	0.5	13.972934	0.06121999
20151004	1	0.5	14.689296	0.065400422
20151004	1	0.5	13.466022	0.08374393
20151004	1	0.5	12.839349	0.059676349
20151004	1	0.5	12.455303	0.08642149
20151004	1	0.5	13.159214	0.07143271
20151004	1	0.5	14.821465	0.13802135
20151004	1	0.5	11.448563	0.02184993
20151004	1	0.5	12.625489	0.067195892
20151004	1	0.5	15.429652	0.14954823
20151004	1	0.5	14.558453	0.098347783
20151004	1	0.5	14.393228	0.11138123
20151004	1	0.5	12.14114	0.064679742
20151004	1	0.5	13.763322	0.092372596
20151004	1	0.5	11.630322	0.11261153
20151004	1	0.5	13.086308	0.074913263
20151004	1	0.5	13.314884	0.059541106
20151004	1	0.5	12.02848	0.093886197
20151004	1	0.5	13.452353	0.08107245
20151004	1	0.5	12.552416	0.075055838
20151004	1	0.5	14.416218	0.10744756
20151004	1	0.5	13.203878	0.093868017
20151004	1	0.5	12.66913	0.068877459
20151004	1	0.5	14.041236	0.082351744
20151004	1	0.5	12.776142	0.092971385
20151004	1	0.5	13.601964	0.1062485
20151004	1	0.5	13.145225	0.08709681
20151004	1	0.5	12.907948	0.071412921
20151004	1	0.5	12.150229	0.10250181
20151004	1	0.5	13.289989	0.059761763
20151004	1	0.5	13.941297	0.076339841
20151004	1	0.5	13.433191	0.080657601
20151004	1	0.5	14.591273	0.069152057
20151004	1	0.5	17.000019	0.12343919
20151004	1	0.5	14.109207	0.06504482
20151004	1	0.5	10.541622	0.043075681
20151004	1	0.5	12.434605	0.083931744
20151004	1	0.5	13.032775	0.10208732
20151004	1	0.5	13.741917	0.11915314
20151004	1	0.5	12.381225	0.067359865
20151004	1	0.5	14.406004	0.071242034
20151004	1	0.5	12.487758	0.11026472
20151004	1	0.5	13.776682	0.079724669
20151004	1	0.5	13.035598	0.093111277
20151004	1	0.5	8.5399599	0.067540348
20151004	1	0.5	14.601357	0.10705823
20151004	1	0.5	13.046885	0.077126026
20151004	1	0.5	14.517957	0.080313027
20151004	1	0.5	17.789068	0.08722502
20151004	1	0.5	13.386544	0.099826217
20151004	1	0.5	12.845079	0.097680867
20151004	1	0.5	13.400281	0.10030878
20151004	1	0.5	15.004057	0.09702754
20151004	1	0.5	13.550467	0.09687686
20151004	1	0.5	12.321642	0.072180808
20151004	1	0.5	12.046821	0.065333009
20151004	1	0.5	10.489133	0.073132634
20151004	1	0.5	14.038615	0.10185069
20151004	1	0.5	12.360403	0.049264729
20151004	1	0.5	16.21796	0.11585146
20151004	1	0.5	12.369331	0.062204957
20151004	1	0.5	12.893686	0.08483541
20151004	1	0.5	8.2773981	0.012647331
20151004	1	0.5	12.122942	0.074887037
20151004	1	0.5	11.803051	0.083006203
20151004	1	0.5	12.052928	0.075517356
20151004	1	0.5	21.92009	0.15253049
20151004	1	0.5	16.470116	0.1024695
20151004	1	0.5	14.940158	0.12271076
20151004	1	0.5	14.072648	0.077906549
20151004	1	0.5	21.614115	0.17116982
20151004	1	0.5	14.806562	0.10950887
20151004	1	0.5	15.345957	0.086433828
20151004	1	0.5	12.189535	0.077318132
20151004	1	0.5	13.367288	0.081310213
20151004	1	0.5	12.528942	0.087770343
20151004	1	0.5	12.162336	0.070674777
20151004	1	0.5	12.867976	0.063857913
20151004	1	0.5	13.01865	0.091885984
20151004	1	0.5	13.506948	0.10471326
20151004	1	0.5	13.287219	0.063686371
20151004	1	0.5	13.715114	0.084910691
20151004	1	0.5	13.416746	0.074521065
20151004	1	0.5	14.413665	0.068947554
20151004	1	0.5	13.690946	0.05836463
20151004	1	0.5	11.964066	0.070366204
20151004	1	0.5	14.674258	0.071056664
20151004	1	0.5	13.433191	0.053003132
20151004	1	0.5	12.384196	0.040721357
20151004	1	0.5	11.806169	0.058471143
20151004	1	0.5	12.572919	0.11840123
20151004	1	0.5	14.395783	0.10898268
20151004	1	0.5	11.354971	0.070701241
20151004	1	0.5	12.816401	0.06593883
20151004	1	0.5	11.877636	0.07551074
20151004	1	0.5	10.844446	0.047307312
20151004	1	0.5	14.318896	0.080088019
20151004	1	0.5	13.763322	0.063721478
20151004	1	0.5	12.902245	0.10322946
20151004	1	0.5	15.25698	0.11680317
20151004	1	0.5	15.47014	0.098651648
20151004	1	0.5	13.822014	0.07511425
20151004	1	0.5	12.210648	0.072847188
20151004	1	0.5	13.528725	0.053336382
20151004	1	0.5	12.890832	0.063409328
20151004	1	0.5	12.422763	0.090530932
20151004	1	0.5	15.694477	0.087537587
20151004	1	0.5	9.1393833	0.025957882
20151004	1	0.5	12.177454	0.066303551
20151004	1	0.5	13.273366	0.067842901
20151004	1	0.5	13.95185	0.077040255
20151004	1	0.5	13.806031	0.069545805
20151004	1	0.5	14.251925	0.093056321
20151004	1	0.5	13.837977	0.078024745
20151004	1	0.5	13.361781	0.087214708
20151004	1	0.5	13.615483	0.10148489
20151004	1	0.5	13.482409	0.080402732
20151004	1	0.5	14.903168	0.089777589
20151004	1	0.5	14.999151	0.072845161
20151004	1	0.5	11.696574	0.073930025
20151004	1	0.5	12.683644	0.061417937
20151004	1	0.5	13.00168	0.088279307
20151004	1	0.5	11.079419	0.050307989
20151004	1	0.5	15.598054	0.075723827
20151004	1	0.5	14.367639	0.082209945
20151004	1	0.5	12.446437	0.074002385
20151004	1	0.5	14.030749	0.095352471
20151004	1	0.5	12.493649	0.064880013
20151004	1	0.5	13.68019	0.10832977
20151004	1	0.5	14.791644	0.15512609
20151004	1	0.5	11.930186	0.059071362
20151004	1	0.5	11.92093	0.053418458
20151004	1	0.5	12.63423	0.073159754
20151004	1	0.5	12.599232	0.059384584
20151004	1	0.5	13.21502	0.085019767
20151004	1	0.5	12.967674	0.082732439
20151004	1	0.5	13.164805	0.068231881
20151004	1	0.5	11.646131	0.061491489
20151004	1	0.5	14.495128	0.075875044
20151004	1	0.5	15.194144	0.12851435
20151004	1	0.5	12.839349	0.085860491
20151004	1	0.5	14.3702	0.092022955
20151004	1	0.5	11.438916	0.070526838
20151004	1	0.5	13.853923	0.075231314
20151004	1	0.5	15.890199	0.096284688
20151004	1	0.5	17.73728	0.092500865
20151004	1	0.5	15.055471	0.1087926
20151004	1	0.5	11.585943	0.06968081
20151004	1	0.5	12.625489	0.11880928
20151004	1	0.5	14.09094	0.084039569
20151004	1	0.5	16.090403	0.13023984
20151004	1	0.5	11.148946	0.05667901
20151004	1	0.5	13.572173	0.093040049
20151004	1	0.5	12.712623	0.072327197
20151004	1	0.5	14.103991	0.081576586
20151004	1	0.5	11.92093	0.080527306
20151004	1	0.5	15.783319	0.15375847
20151004	1	0.5	15.186877	0.085294545
20151004	1	0.5	11.566872	0.058165312
20151004	1	0.5	12.294736	0.066371143
20151004	1	0.5	12.402012	0.074883163
20151004	1	0.5	13.479679	0.11647218
20151004	1	0.5	15.652218	0.10302836
20151004	1	0.5	12.336565	0.062234819
20151004	1	0.5	13.342491	0.091235995
20151004	1	0.5	11.756195	0.085552752
20151004	1	0.5	12.845079	0.056702554
20151004	1	0.5	13.394788	0.10513675
20151004	1	0.5	12.602152	0.075184941
20151004	1	0.5	11.406702	0.070598543
20151004	1	0.5	12.839349	0.059982061
20151004	1	0.5	14.223495	0.089886189
20151004	1	0.5	13.083497	0.086792588
20151004	1	0.5	19.076651	0.026585221
20151004	1	0.5	11.299747	0.071339011
20151004	1	0.5	13.203878	0.065993488
20151004	1	0.5	15.314754	0.094949841
20151004	1	0.5	13.95185	0.069957018
20151004	1	0.5	13.704378	0.070552588
20151004	1	0.5	17.306776	0.17563874
20151004	1	0.5	13.555897	0.083205283
20151004	1	0.5	12.312679	0.080808222
20151004	1	0.5	12.34551	0.067654371
20151004	1	0.5	14.528091	0.096555948
20151004	1	0.5	13.276137	0.085912943
20151004	1	0.5	14.528091	0.083698332
20151004	1	0.5	12.09255	0.076521337
20151004	1	0.5	14.300897	0.067387283
20151004	1	0.5	12.07428	0.069149971
20151004	1	0.5	10.779783	0.050926864
20151004	1	0.5	11.655605	0.076575518
20151004	1	0.5	11.834186	0.068389893
20151004	1	0.5	12.933578	0.06748879
20151004	1	0.5	13.292757	0.076562226
20151004	1	0.5	13.189938	0.016807079
20151004	1	0.5	13.506948	0.080758214
20151004	1	0.5	12.993187	0.084296286
20151004	1	0.5	14.046476	0.088092506
20151004	1	0.5	17.87985	0.078700125
20151004	1	0.5	12.138108	0.085872054
20151004	1	0.5	12.564136	0.10973823
20151004	1	0.5	11.724854	0.049258649
20151004	1	0.5	8.9399252	0.018732548
20151004	1	0.5	10.939041	0.07064271
20151004	1	0.5	13.928094	0.067420959
20151004	1	0.5	12.816401	0.068544269
20151004	1	0.5	13.31212	0.084511876
20151004	1	0.5	15.225595	0.10039383
20151004	1	0.5	12.930733	0.084288836
20151004	1	0.5	12.177454	0.096234918
20151004	1	0.5	13.885759	0.088090122
20151004	1	0.5	14.001872	0.078325212
20151004	1	0.5	14.413665	0.067301571
20151004	1	0.5	10.432852	0.061622679
20151004	1	0.5	13.501498	0.063091099
20151004	1	0.5	13.353518	0.076901674
20151004	1	0.5	12.09255	0.089558065
20151004	1	0.5	11.951756	0.097249925
20151004	1	0.5	13.419489	0.089040101
20151004	1	0.5	17.912748	0.11262828
20151004	1	0.5	19.101709	0.031874657
20151004	1	0.5	12.413874	0.072195947
20151004	1	0.5	16.49021	0.099920332
20151004	1	0.5	14.913041	0.079565287
20151004	1	0.5	12.473016	0.12355876
20151004	1	0.5	15.201407	0.10966748
20151004	1	0.5	14.197602	0.081080317
20151004	1	0.5	14.761761	0.095687985
20151004	1	0.5	12.514249	0.061292291
20151004	1	0.5	18.302908	0.097131431
20151004	1	0.5	14.035994	0.10931075
20151004	1	0.5	11.849722	0.052324355
20151004	1	0.5	12.993187	0.077363789
20151004	1	0.5	14.843793	0.12338042
20151004	1	0.5	14.636596	0.12070376
20151004	1	0.5	13.201092	0.07385546
20151004	1	0.5	17.09284	0.21004945
20151004	1	0.5	10.942405	0.07736975
20151004	1	0.5	13.526005	0.082453966
20151004	1	0.5	13.906943	0.071709812
20151004	1	0.5	12.12901	0.083432376
20151004	1	0.5	13.693633	0.06074208
20151004	1	0.5	12.686545	0.12970811
20151004	1	0.5	14.634082	0.1081692
20151004	1	0.5	16.75145	0.14382988
20151004	1	0.5	12.493649	0.094090402
20151004	1	0.5	12.437564	0.081959665
20151004	1	0.5	16.669975	0.10153133
20151004	1	0.5	17.000019	0.074359417
20151004	1	0.5	11.674532	0.069090128
20151004	1	0.5	12.402012	0.070978105
20151004	1	0.5	13.580305	0.065197229
20151004	1	0.5	14.083103	0.063074827
20151004	1	0.5	15.045691	0.11496478
20151004	1	0.5	16.342274	0.10447133
20151004	1	0.5	12.237739	0.079987645
20151004	1	0.5	13.814025	0.092788279
20151004	1	0.5	14.548339	0.13030607
20151004	1	0.5	16.749252	0.10892105
20151004	1	0.5	13.253945	0.083637714
20151004	1	0.5	12.970511	0.094146967
20151004	1	0.5	12.228715	0.076807201
20151004	1	0.5	11.554139	0.062368333
20151004	1	0.5	12.865116	0.088554859
20151004	1	0.5	12.651691	0.087718904
20151004	1	0.5	13.885759	0.11326361
20151004	1	0.5	13.240057	0.1253131
20151004	1	0.5	14.075262	0.14847475
20151004	1	0.5	13.32041	0.11575961
20151004	1	0.5	10.351414	0.0099093318
20151004	1	0.5	11.796814	0.058438897
20151004	1	0.5	12.049874	0.081712246
20151004	1	0.5	12.318655	0.060424566
20151004	1	0.5	14.439172	0.059640467
20151004	1	0.5	13.607373	0.056928277
20151004	1	0.5	13.187147	0.074917674
20151004	1	0.5	12.816401	0.075224102
20151004	1	0.5	15.491532	0.11319774
20151004	1	0.5	14.751787	0.077308834
20151004	1	0.5	14.694304	0.1135956
20151004	1	0.5	15.215924	0.12391186
20151004	1	0.5	11.416376	0.10814178
20151004	1	0.5	14.492589	0.085313499
20151004	1	0.5	13.217805	0.068495572
20151004	1	0.5	10.796838	0.021893024
20151004	1	0.5	13.262272	0.075042129
20151004	1	0.5	16.076675	0.087089598
20151004	1	0.5	12.787658	0.072839022
20151004	1	0.5	13.763322	0.11267418
20151004	1	0.5	11.948678	0.082422256
20151004	1	0.5	12.663321	0.10312164
20151004	1	0.5	12.996018	0.08796382
20151004	1	0.5	14.127452	0.079088867
20151004	1	0.5	15.806615	0.11592501
20151004	1	0.5	13.593846	0.080493748
20151004	1	0.5	14.098772	0.12523425
20151004	1	0.5	13.035598	0.10697442
20151004	1	0.5	16.612486	0.073237419
20151004	1	0.5	13.303825	0.090533257
20151004	1	0.5	13.583014	0.072921336
20151004	1	0.5	12.228715	0.060217559
20151004	1	0.5	12.666225	0.11527193
20151004	1	0.5	14.63911	0.10037893
20151004	1	0.5	12.30072	0.048406184
20151004	1	0.5	12.336565	0.041117311
20151004	1	0.5	12.113832	0.080653071
20151004	1	0.5	13.782022	0.086489916
20151004	1	0.5	14.070033	0.082501709
20151004	1	0.5	12.312679	0.079296947
20151004	1	0.5	16.634621	0.17315376
20151004	1	0.5	13.245614	0.070952952
20151004	1	0.5	12.973348	0.1037119
20151004	1	0.5	12.755965	0.079467297
20151004	1	0.5	13.131221	0.074943841
20151004	1	0.5	14.046476	0.10005224
20151004	1	0.5	13.490593	0.089960694
20151004	1	0.5	12.750196	0.071950197
20151004	1	0.5	14.269986	0.10943419
20151004	1	0.5	21.116379	0.14841479
20151004	1	0.5	11.759324	0.065458417
20151004	1	0.5	11.927101	0.087914824
20151004	1	0.5	16.242899	0.11757487
20151004	1	0.5	16.124668	0.12467736
20151004	1	0.5	14.964767	0.10479569
20151004	1	0.5	18.985777	0.10342306
20151004	1	0.5	15.11158	0.12501168
20151004	1	0.5	13.474218	0.089197934
20151004	1	0.5	11.945598	0.043995202
20151004	1	0.5	12.30072	0.059376776
20151004	1	0.5	12.475965	0.047941923
20151004	1	0.5	14.54075	0.08517909
20151004	1	0.5	9.0949879	0.037659049
20151004	1	0.5	15.71088	0.12998074
20151004	1	0.5	16.195257	0.099133253
20151004	1	0.5	12.631316	0.08522737
20151004	1	0.5	13.159214	0.12158906
20151004	1	0.5	14.174257	0.064021707
20151004	1	0.5	13.867197	0.077478826
20151004	1	0.5	12.402012	0.056950271
20151004	1	0.5	15.408174	0.09081775
20151004	1	0.5	18.33906	0.12246746
20151004	1	0.5	14.950006	0.14545554
20151004	1	0.5	14.861135	0.096250296
20151004	1	0.5	11.674532	0.076219976
20151004	1	0.5	14.413665	0.10352582
20151004	1	0.5	17.47604	0.22694468
20151004	1	0.5	13.242836	0.089306772
20151004	1	0.5	15.389056	0.079823136
20151004	1	0.5	12.276765	0.097071409
20151004	1	0.5	12.847943	0.085644484
20151004	1	0.5	14.558453	0.093943596
20151004	1	0.5	11.815515	0.10781509
20151004	1	0.5	12.619658	0.098988831
20151004	1	0.5	11.006111	0.064029694
20151004	1	0.5	14.106599	0.069374681
20151004	1	0.5	13.086308	0.099006951
20151004	1	0.5	12.680743	0.093058228
20151004	1	0.5	16.37826	0.065898538
20151004	1	0.5	14.028127	0.077798247
20151004	1	0.5	12.261769	0.10333592
20151004	1	0.5	14.411112	0.072820246
20151004	1	0.5	16.958845	0.15281832
20151004	1	0.5	15.741298	0.096076429
20151004	1	0.5	13.534163	0.064467371
20151004	1	0.5	12.599232	0.066760421
20151004	1	0.5	11.208197	0.047027528
20151004	1	0.5	15.133478	0.13827026
20151004	1	0.5	12.610909	0.085702777
20151004	1	0.5	12.080373	0.081928492
20151004	1	0.5	13.542317	0.095742404
20151004	1	0.5	12.318655	0.08481288
20151004	1	0.5	12.282759	0.1008212
20151004	1	0.5	12.30969	0.085074663
20151004	1	0.5	13.959761	0.065125406
20151004	1	0.5	11.652448	0.063351691
20151004	1	0.5	15.432036	0.054911256
20151004	1	0.5	18.828136	0.14516395
20151004	1	0.5	15.934136	0.1029132
20151004	1	0.5	14.408558	0.11475033
20151004	1	0.5	14.182043	0.13276339
20151004	1	0.5	14.423873	0.083057821
20151004	1	0.5	10.576471	0.020486355
20151004	1	0.5	11.636648	0.061377943
20151004	1	0.5	12.291742	0.084058881
20151004	1	0.5	13.658655	0.082271516
20151004	1	0.5	11.332264	0.07380265
20151004	1	0.5	15.663967	0.13435531
20151004	1	0.5	12.660414	0.079074144
20151004	1	0.5	14.357391	0.08388555
20151004	1	0.5	14.02288	0.12072384
20151004	1	0.5	13.867197	0.075447738
20151004	1	0.5	14.192417	0.071030915
20151004	1	0.5	11.525442	0.074912727
20151004	1	0.5	13.237277	0.092784286
20151004	1	0.5	13.131221	0.065040767
20151004	1	0.5	12.919345	0.076476753
20151004	1	0.5	12.796288	0.070975244
20151004	1	0.5	13.314884	0.09015137
20151004	1	0.5	15.929517	0.12049192
20151004	1	0.5	10.752441	0.010045409
20151004	1	0.5	13.134023	0.081110001
20151004	1	0.5	13.949213	0.077145755
20151004	1	0.5	13.67481	0.10461795
20151004	1	0.5	15.140771	0.072012842
20151004	1	0.5	14.771729	0.095681131
20151004	1	0.5	11.727991	0.076060414
20151004	1	0.5	13.21502	0.073939741
20151004	1	0.5	13.184357	0.070145905
20151004	1	0.5	18.033541	0.21374857
20151004	1	0.5	13.832659	0.085454941
20151004	1	0.5	13.295525	0.060827315
20151004	1	0.5	14.799105	0.10433429
20151004	1	0.5	12.321642	0.069848359
20151004	1	0.5	14.174257	0.094136536
20151004	1	0.5	12.107756	0.075581312
20151004	1	0.5	16.165693	0.154616
20151004	1	0.5	14.70682	0.04861623
20151004	1	0.5	11.890022	0.054307282
20151004	1	0.5	17.16802	0.097370684
20151004	1	0.5	13.105977	0.049105704
20151004	1	0.5	12.695244	0.053090394
20151004	1	0.5	14.550868	0.094602227
20151004	1	0.5	15.590975	0.11145884
20151004	1	0.5	16.474583	0.12648422
20151004	1	0.5	14.684285	0.084380805
20151004	1	0.5	16.195257	0.13715714
20151004	1	0.5	12.318655	0.063501179
20151004	1	0.5	11.979433	0.10128373
20151004	1	0.5	16.882732	0.11486232
20151004	1	0.5	14.474804	0.11012357
20151004	1	0.5	20.504589	0.1029889
20151004	1	0.5	12.981854	0.080955923
20151004	1	0.5	11.815515	0.072191119
20151004	1	0.5	15.412949	0.07866025
20151004	1	0.5	14.054333	0.05564326
20151004	1	0.5	10.645825	0.050696313
20151004	1	0.5	12.15931	0.090522528
20151004	1	0.5	13.577595	0.02871418
20151004	1	0.5	13.542317	0.088187993
20151004	1	0.5	13.240057	0.075388014
20151004	1	0.5	12.183496	0.055577338
20151004	1	0.5	11.195057	0.04833591
20151004	1	0.5	16.37826	0.12931299
20151004	1	0.5	13.309356	0.086136401
20151004	1	0.5	13.550467	0.089585245
20151004	1	0.5	14.192417	0.11153543
20151004	1	0.5	12.520128	0.072634518
20151004	1	0.5	12.993187	0.12687624
20151004	1	0.5	12.174432	0.078908861
20151004	1	0.5	12.781901	0.1086663
20151004	1	0.5	12.770381	0.07790029
20151004	1	0.5	12.698141	0.080980003
20151004	1	0.5	14.038615	0.099043906
20151004	1	0.5	14.624021	0.15797985
20151004	1	0.5	12.587543	0.092687309
20151004	1	0.5	13.010168	0.080034077
20151004	1	0.5	12.464163	0.087072909
20151004	1	0.5	12.399044	0.075292587
20151004	1	0.5	16.432093	0.08517313
20151004	1	0.5	14.878457	0.088750601
20151004	1	0.5	11.351729	0.052717745
20151004	1	0.5	12.802037	0.057070732
20151004	1	0.5	11.939436	0.067261159
20151004	1	0.5	12.040709	0.07339853
20151004	1	0.5	14.109207	0.080243886
20151004	1	0.5	12.351469	0.071938813
20151004	1	0.5	11.840403	0.058114946
20151004	1	0.5	13.345248	0.10400391
20151004	1	0.5	12.850807	0.075563073
20151004	1	0.5	15.114015	0.085551202
20151004	1	0.5	11.614492	0.090646029
20151004	1	0.5	13.485137	0.11165243
20151004	1	0.5	11.531826	0.053064227
20151004	1	0.5	13.806031	0.075407743
20151004	1	0.5	14.945083	0.11982083
20151004	1	0.5	12.464163	0.062484562
20151004	1	0.5	13.545034	0.062287986
20151004	1	0.5	12.168386	0.093070567
20151004	1	0.5	13.967666	0.10052121
20151004	1	0.5	10.545113	0.096383333
20151004	1	0.5	16.411924	0.12728554
20151004	1	0.5	12.162336	0.099064291
20151004	1	0.5	14.244177	0.083565712
20151004	1	0.5	12.095593	0.062157094
20151004	1	0.5	12.531878	0.06709677
20151004	1	0.5	15.680403	0.08608377
20151004	1	0.5	14.858658	0.14497608
20151004	1	0.5	14.512886	0.071194828
20151004	1	0.5	16.211153	0.11098212
20151004	1	0.5	12.384196	0.065117836
20151004	1	0.5	12.183496	0.082232177
20151004	1	0.5	17.98041	0.1238811
20151004	1	0.5	12.830748	0.067638099
20151004	1	0.5	13.381045	0.082455277
20151004	1	0.5	14.153474	0.05275178
20151004	1	0.5	13.345248	0.07041949
20151004	1	0.5	13.68557	0.10254949
20151004	1	0.5	14.843793	0.09364146
20151004	1	0.5	17.198002	0.10300654
20151004	1	0.5	14.603877	0.087093353
20151004	1	0.5	13.840636	0.092688799
20151004	1	0.5	12.648783	0.08597976
20151004	1	0.5	12.520128	0.091799378
20151004	1	0.5	12.677841	0.11046588
20151004	1	0.5	11.345245	0.079525292
20151004	1	0.5	15.116448	0.084823847
20151004	1	0.5	11.696574	0.062055945
20151004	1	0.5	13.760648	0.094383419
20151004	1	0.5	12.11687	0.057608902
20151004	1	0.5	14.766746	0.070231259
20151004	1	0.5	15.106709	0.11619473
20151004	1	0.5	15.752981	0.13374656
20151004	1	0.5	12.616742	0.078841507
20151004	1	0.5	13.240057	0.078794301
20151004	1	0.5	12.282759	0.096503794
20151004	1	0.5	13.175981	0.069317341
20151004	1	0.5	14.109207	0.078560829
20151004	1	0.5	14.459543	0.12041134
20151004	1	0.5	12.511309	0.1005466
20151004	1	0.5	16.000965	0.12862307
20151004	1	0.5	13.148024	0.092877984
20151004	1	0.5	15.954906	0.097010076
20151004	1	0.5	11.930186	0.089533985
20151004	1	0.5	14.500204	0.095309138
20151004	1	0.5	12.446437	0.061889529
20151004	1	0.5	12.85367	0.095681667
20151004	1	0.5	14.316326	0.096237779
20151004	1	0.5	13.68557	0.098446429
20151004	1	0.5	12.419801	0.069484591
20151004	1	0.5	12.237739	0.076653779
20151004	1	0.5	14.096162	0.066434145
20151004	1	0.5	12.446437	0.10115552
20151004	1	0.5	12.71841	0.061715066
20151004	1	0.5	13.41126	0.099357009
20151004	1	0.5	12.89654	0.091699183
20151004	1	0.5	14.158672	0.097568631
20151004	1	0.5	14.30347	0.077903748
20151004	1	0.5	12.422763	0.085638821
20151004	1	0.5	14.68679	0.085072458
20151004	1	0.5	13.21502	0.049062669
20151004	1	0.5	13.00168	0.08570081
20151004	1	0.5	14.694304	0.076808572
20151004	1	0.5	13.159214	0.076057136
20151004	1	0.5	17.099297	0.11493194
20151004	1	0.5	12.862256	0.11465049
20151004	1	0.5	12.153256	0.06427002
20151004	1	0.5	12.384196	0.10357469
20151004	1	0.5	14.228669	0.095297754
20151004	1	0.5	13.808697	0.073701322
20151004	1	0.5	11.715434	0.05613935
20151004	1	0.5	16.062937	0.14810169
20151004	1	0.5	13.331455	0.11171776
20151004	1	0.5	15.089649	0.083192229
20151004	1	0.5	12.689445	0.06794399
20151004	1	0.5	14.477346	0.090623498
20151004	1	0.5	13.949213	0.10159481
20151004	1	0.5	12.89654	0.076720893
20151004	1	0.5	12.207634	0.05646497
20151004	1	0.5	12.031538	0.084219933
20151004	1	0.5	17.672853	0.082318664
20151004	1	0.5	16.396223	0.13456655
20151004	1	0.5	13.060977	0.090299428
20151004	1	0.5	14.636596	0.11875123
20151004	1	0.5	12.321642	0.075961173
20151004	1	0.5	13.68019	0.061639845
20151004	1	0.5	11.927101	0.072679639
20151004	1	0.5	12.168386	0.084621608
20151004	1	0.5	12.240746	0.074658275
20151004	1	0.5	20.899185	0.15336829
20151004	1	0.5	14.646648	0.076791704
20151004	1	0.5	11.627157	0.050838828
20151004	1	0.5	11.451776	0.053995192
20151004	1	0.5	14.207965	0.07112354
20151004	1	0.5	14.342006	0.11615354
20151004	1	0.5	12.581696	0.074929237
20151004	1	0.5	14.189824	0.096355736
20151004	1	0.5	12.339547	0.052293956
20151004	1	0.5	15.410562	0.11470175
20151004	1	0.5	13.829998	0.079413593
20151004	1	0.5	11.198343	0.050238788
20151004	1	0.5	15.429652	0.056375742
20151004	1	0.5	12.695244	0.074470401
20151004	1	0.5	13.607373	0.058761775
20151004	1	0.5	11.979433	0.079277694
20151004	1	0.5	13.080684	0.044244647
20151004	1	0.5	13.814025	0.06957221
20151004	1	0.5	12.956319	0.06201762
20151004	1	0.5	14.67175	0.089232445
20151004	1	0.5	13.84861	0.096805513
20151004	1	0.5	13.389293	0.094455063
20151004	1	0.5	12.672034	0.081617653
20151004	1	0.5	13.816689	0.066010892
20151004	1	0.5	16.654518	0.11291033
20151004	1	0.5	12.689445	0.10279346
20151004	1	0.5	17.536995	0.16396743
20151004	1	0.5	16.231567	0.10638839
20151004	1	0.5	20.080273	0.21720767
20151004	1	0.5	11.633486	0.0852018
20151004	1	0.5	14.947545	0.14321488
20151004	1	0.5	14.153474	0.086872697
20151004	1	0.5	13.220588	0.081411541
20151004	1	0.5	11.756195	0.053189874
20151004	1	0.5	13.601964	0.083292544
20151004	1	0.5	12.321642	0.072546422
20151004	1	0.5	12.520128	0.090980411
20151004	1	0.5	13.861889	0.091978192
20151004	1	0.5	13.774012	0.068592429
20151004	1	0.5	11.633486	0.069403291
20151004	1	0.5	15.160201	0.059132397
20151004	1	0.5	14.674258	0.047198474
20151004	1	0.5	20.57267	0.11355007
20151004	1	0.5	12.07428	0.098351896
20151004	1	0.5	12.258768	0.07592082
20151004	1	0.5	13.664042	0.067530334
20151004	1	0.5	13.029951	0.074941993
20151004	1	0.5	12.010111	0.074492097
20151004	1	0.5	16.101833	0.065069556
20151004	1	0.5	11.145645	0.049001813
20151004	1	0.5	11.945598	0.046610475
20151004	1	0.5	14.18723	0.11683738
20151004	1	0.5	11.649289	0.060106218
20151004	1	0.5	14.656694	0.044158518
20151004	1	0.5	15.028562	0.13568324
20151004	1	0.5	15.201407	0.06142956
20151004	1	0.5	13.631689	0.095808804
20151004	1	0.5	13.645179	0.066005528
20151004	1	0.5	12.059032	0.074017346
20151004	1	0.5	13.097551	0.084964335
20151004	1	0.5	12.575846	0.078720868
20151004	1	0.5	14.385555	0.09270674
20151004	1	0.5	11.930186	0.045960963
20151004	1	0.5	16.672182	0.15008771
20151004	1	0.5	13.334215	0.081350386
20151004	1	0.5	14.275143	0.090599418
20151004	1	0.5	11.451776	0.050267994
20151004	1	0.5	14.8165	0.067125678
20151004	1	0.5	12.225706	0.077884257
20151004	1	0.5	13.808697	0.084390998
20151004	1	0.5	15.348354	0.086969852
20151004	1	0.5	12.168386	0.079586804
20151004	1	0.5	11.525442	0.058882058
20151004	1	0.5	12.92504	0.10794747
20151004	1	0.5	14.893289	0.10563916
20151004	1	0.5	15.140771	0.10399938
20151004	1	0.5	12.324629	0.073324502
20151004	1	0.5	12.847943	0.10521442
20151004	1	0.5	12.546552	0.048725784
20151004	1	0.5	13.896356	0.079299867
20151004	1	0.5	13.441407	0.095402479
20151004	1	0.5	13.672119	0.14551365
20151004	1	0.5	12.842215	0.059444666
20151004	1	0.5	11.201629	0.090913117
20151004	1	0.5	13.704378	0.065395415
20151004	1	0.5	12.581696	0.072536469
20151004	1	0.5	17.118654	0.22035408
20151004	1	0.5	15.288301	0.11817527
20151004	1	0.5	12.867976	0.058083713
20151004	1	0.5	13.803366	0.069371581
20151004	1	0.5	12.204619	0.068978488
20151004	1	0.5	13.688258	0.085885406
20151004	1	0.5	12.648783	0.064870656
20151004	1	0.5	13.007339	0.079767466
20151004	1	0.5	13.181565	0.084687889
20151004	1	0.5	13.928094	0.073724926
20151004	1	0.5	13.843295	0.11285371
20151004	1	0.5	16.058353	0.069047391
20151004	1	0.5	16.104116	0.075564921
20151004	1	0.5	13.397534	0.065018177
20151004	1	0.5	12.761734	0.094159901
20151004	1	0.5	12.1472	0.13868141
20151004	1	0.5	14.555925	0.087849736
20151004	1	0.5	13.094742	0.064658403
20151004	1	0.5	13.292757	0.077993691
20151004	1	0.5	12.431645	0.065897167
20151004	1	0.5	17.6061	0.090971351
20151004	1	0.5	13.784693	0.081806958
20151004	1	0.5	14.153474	0.068476021
20151004	1	0.5	12.893686	0.066201508
20151004	1	0.5	17.957884	0.079695642
20151004	1	0.5	12.219685	0.095246553
20151004	1	0.5	13.893707	0.073014319
20151004	1	0.5	14.70682	0.09693104
20151004	1	0.5	13.027126	0.060168743
20151004	1	0.5	14.398339	0.088925004
20151004	1	0.5	10.520658	0.051207364
20151004	1	0.5	11.951756	0.063099384
20151004	1	0.5	15.145631	0.1549207
20151004	1	0.5	11.77496	0.079933167
20151004	1	0.5	12.732867	0.067092538
20151004	1	0.5	11.512665	0.061388791
20151004	1	0.5	15.065244	0.090413213
20151004	1	0.5	12.324629	0.073438406
20151004	1	0.5	12.526005	0.091325819
20151004	1	0.5	11.768708	0.05214262
20151004	1	0.5	12.879409	0.089921772
20151004	1	0.5	12.135077	0.083497524
20151004	1	0.5	14.479888	0.099546731
20151004	1	0.5	12.712623	0.067045867
20151004	1	0.5	11.988646	0.090950251
20151004	1	0.5	14.484969	0.079108834
20151004	1	0.5	12.672034	0.09317863
20151004	1	0.5	12.511309	0.0817191
20151004	1	0.5	13.111591	0.069298387
20151004	1	0.5	14.385555	0.08158946
20151004	1	0.5	13.015823	0.07427001
20151004	1	0.5	13.253945	0.068461061
20151004	1	0.5	11.601812	0.084171832
20151004	1	0.5	11.566872	0.10243577
20151004	1	0.5	12.219685	0.096278071
20151004	1	0.5	13.41126	0.12053657
20151004	1	0.5	9.848649	0.012838721
20151004	1	0.5	12.602152	0.073116779
20151004	1	0.5	20.74544	0.084035635
20151004	1	0.5	14.184638	0.089155555
20151004	1	0.5	14.563507	0.12191844
20151004	1	0.5	14.269986	0.099828601
20151004	1	0.5	13.803366	0.073005736
20151004	1	0.5	13.672119	0.096437752
20151004	1	0.5	12.913647	0.08453238
20151004	1	0.5	11.480658	0.064904809
20151004	1	0.5	14.02288	0.10550749
20151004	1	0.5	14.608915	0.081614852
20151004	1	0.5	8.0108242	0.013081431
20151004	1	0.5	14.254506	0.095731378
20151004	1	0.5	14.365078	0.057788491
20151004	1	0.5	12.701039	0.11816829
20151004	1	0.5	13.928094	0.095398962
20151004	1	0.5	12.816401	0.07338661
20151004	1	0.5	13.792698	0.090334654
20151004	1	0.5	15.104273	0.067666233
20151004	1	0.5	13.577595	0.078071833
20151004	1	0.5	11.818628	0.11442012
20151004	1	0.5	14.989335	0.072615385
20151004	1	0.5	12.484811	0.0927338
20151004	1	0.5	11.731129	0.086976051
20151004	1	0.5	15.931827	0.079140306
20151004	1	0.5	11.585943	0.091327131
20151004	1	0.5	11.448563	0.095209479
20151004	1	0.5	13.628989	0.07677269
20151004	1	0.5	12.007047	0.061723828
20151004	1	0.5	14.306042	0.068672121
20151004	1	0.5	12.372306	0.074420929
20151004	1	0.5	11.509468	0.075909019
20151004	1	0.5	12.255767	0.065524876
20151004	1	0.5	19.551044	0.20157701
20151004	1	0.5	11.056147	0.053519487
20151004	1	0.5	18.520748	0.076711953
20151004	1	0.5	12.859395	0.077224314
20151004	1	0.5	11.445348	0.049450338
20151004	1	0.5	13.156418	0.069501281
20151004	1	0.5	14.70682	0.090022624
20151004	1	0.5	12.034595	0.090729773
20151004	1	0.5	12.799162	0.073200464
20151004	1	0.5	13.240057	0.091725111
20151004	1	0.5	9.6295118	0.015064418
20151004	1	0.5	13.803366	0.069526494
20151004	1	0.5	12.324629	0.08194536
20151004	1	0.5	13.364535	0.08695519
20151004	1	0.5	13.506948	0.099327803
20151004	1	0.5	12.216673	0.05821234
20151004	1	0.5	13.403027	0.064670444
20151004	1	0.5	14.18723	0.059586108
20151004	1	0.5	12.452348	0.076573849
20151004	1	0.5	11.86834	0.050976157
20151004	1	0.5	12.031538	0.068999767
20151004	1	0.5	13.044064	0.07855922
20151004	1	0.5	13.449617	0.056771696
20151004	1	0.5	12.225706	0.088137627
20151004	1	0.5	16.120104	0.10569787
20151004	1	0.5	12.508367	0.061260045
20151004	1	0.5	12.6546	0.080621779
20151004	1	0.5	13.79003	0.074427485
20151004	1	0.5	15.008962	0.12647021
20151004	1	0.5	12.967674	0.071897566
20151004	1	0.5	12.273767	0.097422123
20151004	1	0.5	12.240746	0.072030485
20151004	1	0.5	12.276765	0.10045177
20151004	1	0.5	12.692345	0.074489057
20151004	1	0.5	13.044064	0.074982762
20151004	1	0.5	11.865239	0.066704154
20151004	1	0.5	17.330149	0.15217125
20151004	1	0.5	13.479679	0.093823016
20151004	1	0.5	13.460556	0.086884201
20151004	1	0.5	11.636648	0.047874331
20151004	1	0.5	14.388113	0.062821329
20151004	1	0.5	10.847838	0.012561977
20151004	1	0.5	20.456079	0.1317783
20151004	1	0.5	15.427267	0.094096661
20151004	1	0.5	12.747309	0.068264782
20151004	1	0.5	14.072648	0.080984712
20151004	1	0.5	15.023664	0.11625528
20151004	1	0.5	12.46121	0.082912445
20151004	1	0.5	13.891058	0.098674953
20151004	1	0.5	12.979019	0.087998033
20151004	1	0.5	12.976184	0.10634178
20151004	1	0.5	14.566033	0.1252349
20151004	1	0.5	12.610909	0.062062562
20151004	1	0.5	18.433123	0.11475128
20151004	1	0.5	12.360403	0.072481096
20151004	1	0.5	12.165361	0.07745409
20151004	1	0.5	17.051889	0.10169721
20151004	1	0.5	12.850807	0.078019798
20151004	1	0.5	17.608189	0.085568428
20151004	1	0.5	12.873693	0.054605484
20151004	1	0.5	14.784179	0.11058962
20151004	1	0.5	12.003982	0.086280406
20151004	1	0.5	13.164805	0.074282646
20151004	1	0.5	13.175981	0.090691388
20151004	1	0.5	12.944953	0.071411848
20151004	1	0.5	12.086463	0.078965127
20151004	1	0.5	14.382998	0.10818511
20151004	1	0.5	13.460556	0.094661236
20151004	1	0.5	13.599258	0.075620592
20151004	1	0.5	13.803366	0.085542619
20151004	1	0.5	12.578771	0.10223788
20151004	1	0.5	13.336974	0.067529321
20151004	1	0.5	12.052928	0.076528966
20151004	1	0.5	14.950006	0.081918299
20151004	1	0.5	16.634621	0.12053049
20151004	1	0.5	13.843295	0.10583824
20151004	1	0.5	14.967226	0.060107052
20151004	1	0.5	12.270769	0.087053299
20151004	1	0.5	14.927838	0.096559107
20151004	1	0.5	15.671013	0.12244964
20151004	1	0.5	12.222695	0.067491114
20151004	1	0.5	11.793694	0.068473876
20151004	1	0.5	13.273366	0.085530758
20151004	1	0.5	13.231716	0.12815899
20151004	1	0.5	14.202785	0.081057906
20151004	1	0.5	12.672034	0.10261589
20151004	1	0.5	11.945598	0.066819429
20151004	1	0.5	15.424882	0.094076872
20151004	1	0.5	13.628989	0.086584985
20151004	1	0.5	12.434605	0.071551323
20151004	1	0.5	13.292757	0.07812947
20151004	1	0.5	12.92504	0.071374834
20151004	1	0.5	13.323172	0.058920383
20151004	1	0.5	12.249761	0.093791664
20151004	1	0.5	13.259497	0.096901953
20151004	1	0.5	14.68679	0.10546201
20151004	1	0.5	14.311185	0.085623801
20151004	1	0.5	14.611434	0.075849116
20151004	1	0.5	14.721824	0.10753363
20151004	1	0.5	14.821465	0.087477624
20151004	1	0.5	13.122812	0.086517632
20151004	1	0.5	17.656189	0.10575891
20151004	1	0.5	13.234497	0.077995718
20151004	1	0.5	14.631567	0.074150324
20151004	1	0.5	13.228935	0.095350981
20151004	1	0.5	12.905097	0.093228281
20151004	1	0.5	12.856533	0.067865252
20151004	1	0.5	13.181565	0.076115906
20151004	1	0.5	14.664224	0.074246883
20151004	1	0.5	12.458257	0.080853879
20151004	1	0.5	14.78169	0.084491193
20151004	1	0.5	12.910798	0.076139092
20151004	1	0.5	13.422231	0.1068663
20151004	1	0.5	15.084771	0.10337108
20151004	1	0.5	13.108785	0.075552702
20151004	1	0.5	13.658655	0.069229662
20151004	1	0.5	11.119202	0.078219712
20151004	1	0.5	14.947545	0.10306597
20151004	1	0.5	10.65619	0.084223747
20151004	1	0.5	12.44348	0.077973127
20151004	1	0.5	14.359954	0.086769462
20151004	1	0.5	11.286715	0.056719005
20151004	1	0.5	14.033372	0.1009559
20151004	1	0.5	11.620827	0.075378597
20151004	1	0.5	14.357391	0.072205782
20151004	1	0.5	14.576135	0.13186455
20151004	1	0.5	15.446337	0.15969843
20151004	1	0.5	14.550868	0.091254711
20151004	1	0.5	12.839349	0.071091413
20151004	1	0.5	13.672119	0.096043825
20151004	1	0.5	14.020255	0.065151751
20151004	1	0.5	16.429852	0.08416754
20151004	1	0.5	13.666735	0.098927617
20151004	1	0.5	14.313756	0.06508559
20151004	1	0.5	12.92504	0.10037756
20151004	1	0.5	17.060518	0.06838125
20151004	1	0.5	13.108785	0.079729557
20151004	1	0.5	10.308669	0.028525114
20151004	1	0.5	13.607373	0.06107986
20151004	1	0.5	12.663321	0.039692223
20151004	1	0.5	13.482409	0.079092085
20151004	1	0.5	13.696321	0.084728897
20151004	1	0.5	10.810461	0.038771987
20151004	1	0.5	13.561324	0.066536963
20151004	1	0.5	14.264828	0.067753732
20151004	1	0.5	13.8007	0.055372298
20151004	1	0.5	18.20211	0.12610996
20151004	1	0.5	14.119636	0.074023902
20151004	1	0.5	12.764617	0.077550232
20151004	1	0.5	13.058161	0.081622541
20151004	1	0.5	13.170395	0.064962149
20151004	1	0.5	14.377879	0.075582862
20151004	1	0.5	14.644135	0.058646321
20151004	1	0.5	13.485137	0.079439759
20151004	1	0.5	12.581696	0.077240407
20151004	1	0.5	12.555346	0.082069397
20151004	1	0.5	15.379489	0.068795562
20151004	1	0.5	14.321465	0.095309913
20151004	1	0.5	14.385555	0.10154879
20151004	1	0.5	12.60799	0.05940491
20151004	1	0.5	13.620888	0.11094785
20151004	1	0.5	12.511309	0.074203014
20151004	1	0.5	13.041243	0.11095345
20151004	1	0.5	13.105977	0.052688062
20151004	1	0.5	14.13266	0.054063797
20151004	1	0.5	13.331455	0.10384327
20151004	1	0.5	11.573233	0.079469204
20151004	1	0.5	12.642963	0.07616365
20151004	1	0.5	13.253945	0.12075466
20151004	1	0.5	13.757974	0.058395565
20151004	1	0.5	16.416409	0.12054211
20151004	1	0.5	13.089121	0.10827756
20151004	1	0.5	12.599232	0.071721494
20151004	1	0.5	12.21366	0.077046037
20151004	1	0.5	12.21366	0.070074201
20151004	1	0.5	12.402012	0.07831502
20151004	1	0.5	13.885759	0.091839373
20151004	1	0.5	16.321995	0.14153761
20151004	1	0.5	12.709727	0.04080534
20151004	1	0.5	15.829877	0.096026659
20151004	1	0.5	11.85593	0.058087468
20151004	1	0.5	14.174257	0.095603764
20151004	1	0.5	11.749933	0.093427062
20151004	1	0.5	10.614672	0.050267398
20151004	1	0.5	15.177182	0.095737398
20151004	1	0.5	11.982505	0.075128853
20151004	1	0.5	12.873693	0.07177031
20151004	1	0.5	11.930186	0.088920712
20151004	1	0.5	13.131221	0.062735617
20151004	1	0.5	11.566872	0.068559766
20151004	1	0.5	13.364535	0.06786108
20151004	1	0.5	14.497665	0.076941848
20151004	1	0.5	13.468755	0.11439025
20151004	1	0.5	13.949213	0.073087811
20151004	1	0.5	17.566345	0.13098949
20151004	1	0.5	11.400249	0.062601149
20151004	1	0.5	11.181902	0.085212648
20151004	1	0.5	13.394788	0.077484548
20151004	1	0.5	12.219685	0.062594533
20151004	1	0.5	12.552416	0.085391164
20151004	1	0.5	15.820577	0.091828048
20151004	1	0.5	13.240057	0.081941247
20151004	1	0.5	12.82501	0.053596079
20151004	1	0.5	13.114397	0.085490406
20151004	1	0.5	14.925373	0.11135364
20151004	1	0.5	13.690946	0.096954644
20151004	1	0.5	15.062801	0.092432976
20151004	1	0.5	12.34849	0.078262329
20151004	1	0.5	12.953479	0.069156289
20151004	1	0.5	14.596316	0.076208055
20151004	1	0.5	12.879409	0.064908087
20151004	1	0.5	14.566033	0.059121728
20151004	1	0.5	11.039493	0.071913719
20151004	1	0.5	13.752624	0.067798734
20151004	1	0.5	12.177454	0.062070191
20151004	1	0.5	11.046158	0.050182104
20151004	1	0.5	12.984688	0.058884382
20151004	1	0.5	13.9703	0.089838326
20151004	1	0.5	14.54075	0.074537277
20151004	1	0.5	11.039493	0.079785526
20151004	1	0.5	12.850807	0.10065025
20151004	1	0.5	13.044064	0.068328559
20151004	1	0.5	15.028562	0.083341002
20151004	1	0.5	16.512508	0.12733495
20151004	1	0.5	12.677841	0.11261392
20151004	1	0.5	14.264828	0.1183719
20151004	1	0.5	13.669427	0.096829474
20151004	1	0.5	16.005564	0.11103576
20151004	1	0.5	14.148273	0.086080194
20151004	1	0.5	13.242836	0.077028215
20151004	1	0.5	13.798034	0.11578548
20151004	1	0.5	13.295525	0.090440512
20151004	1	0.5	13.618186	0.052610517
20151004	1	0.5	12.750196	0.066206455
20151004	1	0.5	15.671013	0.1255613
20151004	1	0.5	15.645164	0.10576254
20151004	1	0.5	13.292757	0.061065555
20151004	1	0.5	13.946574	0.083476365
20151004	1	0.5	13.819351	0.099594176
20151004	1	0.5	13.637086	0.079157472
20151004	1	0.5	14.041236	0.071259201
20151004	1	0.5	12.973348	0.083132327
20151004	1	0.5	13.361781	0.064225972
20151004	1	0.5	12.732867	0.15386742
20151004	1	0.5	12.625489	0.099410236
20151004	1	0.5	13.569462	0.075234056
20151004	1	0.5	10.559061	0.035452843
20151004	1	0.5	12.747309	0.073917925
20151004	1	0.5	14.406004	0.12632471
20151004	1	0.5	14.251925	0.086573958
20151004	1	0.5	12.098635	0.058320582
20151004	1	0.5	16.190712	0.1078465
20151004	1	0.5	14.017631	0.081648588
20151004	1	0.5	16.328758	0.16039002
20151004	1	0.5	12.531878	0.11841661
20151004	1	0.5	14.195009	0.075847149
20151004	1	0.5	16.227034	0.15706998
20151004	1	0.5	12.804911	0.070673227
20151004	1	0.5	14.603877	0.13790375
20151004	1	0.5	13.95185	0.08114785
20151004	1	0.5	21.977089	0.10177851
20151004	1	0.5	14.37276	0.13062215
20151004	1	0.5	12.449393	0.079236686
20151004	1	0.5	12.46121	0.08400619
20151004	1	0.5	13.083497	0.050248027
20151004	1	0.5	13.195516	0.067254603
20151004	1	0.5	15.152918	0.094583213
20151004	1	0.5	13.234497	0.091268599
20151004	1	0.5	12.17141	0.065365791
20151004	1	0.5	13.01865	0.056074262
20151004	1	0.5	13.814025	0.11555743
20151004	1	0.5	13.843295	0.085113406
20151004	1	0.5	16.561462	0.095581651
20151004	1	0.5	12.913647	0.063515663
20151004	1	0.5	13.545034	0.064211905
20151004	1	0.5	12.66913	0.076109052
20151004	1	0.5	13.8007	0.087320566
20151004	1	0.5	14.17166	0.073887408
20151004	1	0.5	13.642482	0.093840301
20151004	1	0.5	11.115892	0.060577691
20151004	1	0.5	14.895759	0.088701189
20151004	1	0.5	17.446537	0.17973429
20151004	1	0.5	14.86361	0.12888271
20151004	1	0.5	14.354828	0.12671733
20151004	1	0.5	13.975567	0.091717541
20151004	1	0.5	11.59864	0.056772113
20151004	1	0.5	13.728521	0.061658919
20151004	1	0.5	13.007339	0.072717607
20151004	1	0.5	13.517841	0.082777679
20151004	1	0.5	13.245614	0.089582741
20151004	1	0.5	14.416218	0.10301065
20151004	1	0.5	11.942517	0.05512172
20151004	1	0.5	13.097551	0.088196456
20151004	1	0.5	15.432036	0.068495989
20151004	1	0.5	15.384274	0.071702242
20151004	1	0.5	13.419489	0.080416858
20151004	1	0.5	22.340757	0.14937162
20151004	1	0.5	13.414003	0.10544562
20151004	1	0.5	15.13591	0.10302156
20151004	1	0.5	14.676765	0.071033001
20151004	1	0.5	12.555346	0.059058845
20151004	1	0.5	16.557018	0.11572975
20151004	1	0.5	12.425724	0.090941787
20151004	1	0.5	14.729321	0.1028958
20151004	1	0.5	14.841313	0.12719482
20151004	1	0.5	10.545113	0.045324504
20151004	1	0.5	15.348354	0.11126703
20151004	1	0.5	13.080684	0.12327546
20151004	1	0.5	14.67175	0.080003738
20151004	1	0.5	17.970175	0.11452913
20151004	1	0.5	12.440522	0.097208858
20151004	1	0.5	11.570053	0.076182604
20151004	1	0.5	14.166467	0.082877457
20151004	1	0.5	13.041243	0.10769105
20151004	1	0.5	14.202785	0.062580585
20151004	1	0.5	15.169908	0.11105472
20151004	1	0.5	14.495128	0.06243068
20151004	1	0.5	11.400249	0.07762599
20151004	1	0.5	13.795366	0.086877644
20151004	1	0.5	12.698141	0.071130395
20151004	1	0.5	15.186877	0.093572021
20151004	1	0.5	15.225595	0.087335348
20151004	1	0.5	10.942405	0.071013868
20151004	1	0.5	12.622574	0.086981773
20151004	1	0.5	13.986095	0.090837121
20151004	1	0.5	13.142426	0.081909895
20151004	1	0.5	14.586228	0.082377076
20151004	1	0.5	13.134023	0.074150324
20151004	1	0.5	14.754281	0.10659295
20151004	1	0.5	12.372306	0.069881916
20151004	1	0.5	15.22076	0.081978202
20151004	1	0.5	13.631689	0.13194096
20151004	1	0.5	12.499538	0.07422632
20151004	1	0.5	15.213506	0.14895147
20151004	1	0.5	14.049096	0.10719395
20151004	1	0.5	15.211087	0.08991009
20151004	1	0.5	11.509468	0.088501453
20151004	1	0.5	12.282759	0.060034573
20151004	1	0.5	13.148024	0.073532581
20151004	1	0.5	14.111815	0.076398969
20151004	1	0.5	14.046476	0.072203815
20151004	1	0.5	12.927887	0.080263734
20151004	1	0.5	12.893686	0.078729033
20151004	1	0.5	17.536995	0.2132709
20151004	1	0.5	12.46121	0.062397718
20151004	1	0.5	12.724195	0.066193819
20151004	1	0.5	16.108686	0.081618309
20151004	1	0.5	13.345248	0.077333689
20151004	1	0.5	12.979019	0.069453001
20151004	1	0.5	13.988726	0.14348799
20151004	1	0.5	11.655605	0.073715389
20151004	1	0.5	13.485137	0.054897726
20151004	1	0.5	14.736814	0.08850342
20151004	1	0.5	14.40345	0.052825511
20151004	1	0.5	14.015005	0.072932124
20151004	1	0.5	12.534815	0.11252141
20151004	1	0.5	12.839349	0.12410963
20151004	1	0.5	13.203878	0.073842943
20151004	1	0.5	14.145672	0.087263525
20151004	1	0.5	11.85593	0.066413641
20151004	1	0.5	14.875983	0.060058236
20151004	1	0.5	13.021476	0.12498355
20151004	1	0.5	14.54581	0.077489436
20151004	1	0.5	10.864785	0.055525064
20151004	1	0.5	15.021214	0.075699747
20151004	1	0.5	11.303003	0.074328899
20151004	1	0.5	11.312765	0.045340061
20151004	1	0.5	15.343559	0.082231581
20151004	1	0.5	14.24676	0.098853111
20151004	1	0.5	15.008962	0.076282918
20151004	1	0.5	18.989653	0.090601623
20151004	1	0.5	12.715516	0.049341738
20151004	1	0.5	13.345248	0.086205125
20151004	1	0.5	12.910798	0.0794186
20151004	1	0.5	14.29575	0.072960198
20151004	1	0.5	12.750196	0.084115207
20151004	1	0.5	13.175981	0.10923177
20151004	1	0.5	12.567064	0.11248243
20151004	1	0.5	13.389293	0.065022647
20151004	1	0.5	13.588431	0.1227712
20151004	1	0.5	14.893289	0.097581625
20151004	1	0.5	13.471487	0.093473196
20151004	1	0.5	15.515266	0.078779161
20151004	1	0.5	13.41126	0.084809482
20151004	1	0.5	14.049096	0.080465555
20151004	1	0.5	10.837658	0.064862609
20151004	1	0.5	15.252155	0.16509008
20151004	1	0.5	23.806335	0.11709422
20151004	1	0.5	12.741534	0.082963228
20151004	1	0.5	10.673441	0.055600822
20151004	1	0.5	13.806031	0.10735053
20151004	1	0.5	12.168386	0.053549349
20151004	1	0.5	12.031538	0.055533886
20151004	1	0.5	12.721303	0.067517459
20151004	1	0.5	11.862137	0.077534616
20151004	1	0.5	12.78478	0.11064196
20151004	1	0.5	14.228669	0.057901919
20151004	1	0.5	15.505777	0.12658352
20151004	1	0.5	13.37004	0.10307527
20151004	1	0.5	14.434073	0.085386932
20151004	1	0.5	15.198987	0.09723258
20151004	1	0.5	12.342529	0.10526443
20151004	1	0.5	15.936445	0.15796369
20151004	1	0.5	11.821741	0.087079048
20151004	1	0.5	14.380439	0.085260928
20151004	1	0.5	11.509468	0.053643048
20151004	1	0.5	16.131514	0.14633554
20151004	1	0.5	13.975567	0.078634739
20151004	1	0.5	12.14417	0.0646258
20151004	1	0.5	12.478914	0.070654154
20151004	1	0.5	16.40744	0.15575027
20151004	1	0.5	14.651672	0.092023373
20151004	1	0.5	12.979019	0.090507627
20151004	1	0.5	13.779352	0.092127442
20151004	1	0.5	11.724854	0.10604835
20151004	1	0.5	14.017631	0.084665895
20151004	1	0.5	12.219685	0.065336764
20151004	1	0.5	12.431645	0.093277991
20151004	1	0.5	11.702865	0.074617982
20151004	1	0.5	12.470065	0.078055978
20151004	1	0.5	15.314754	0.092123866
20151004	1	0.5	10.240623	0.057600439
20151004	1	0.5	14.367639	0.071107686
20151004	1	0.5	13.925451	0.092809856
20151004	1	0.5	13.452353	0.060144365
20151004	1	0.5	13.991356	0.12044966
20151004	1	0.5	16.229301	0.17585135
20151004	1	0.5	14.030749	0.08406955
20151004	1	0.5	14.64916	0.11917752
20151004	1	0.5	13.71243	0.099063396
20151004	1	0.5	17.161591	0.16388381
20151004	1	0.5	15.182031	0.069076717
20151004	1	0.5	14.885875	0.093843281
20151004	1	0.5	13.506948	0.080931127
20151004	1	0.5	16.274584	0.12775046
20151004	1	0.5	13.226153	0.056699693
20151004	1	0.5	16.117821	0.085800886
20151004	1	0.5	14.362515	0.072414815
20151004	1	0.5	11.765581	0.06832552
20151004	1	0.5	11.960989	0.074533701
20151004	1	0.5	13.626289	0.094462991
20151004	1	0.5	12.261769	0.08108896
20151004	1	0.5	13.105977	0.10424882
20151004	1	0.5	13.26782	0.081363261
20151004	1	0.5	12.602152	0.078355789
20151004	1	0.5	12.964836	0.072246075
20151004	1	0.5	13.909589	0.079550385
20151004	1	0.5	14.161271	0.08082509
20151004	1	0.5	12.138108	0.086647987
20151004	1	0.5	14.646648	0.094901383
20151004	1	0.5	13.959761	0.087408602
20151004	1	0.5	14.984425	0.11150646
20151004	1	0.5	17.270594	0.16536427
20151004	1	0.5	11.762453	0.1044628
20151004	1	0.5	13.795366	0.11345232
20151004	1	0.5	12.680743	0.085398197
20151004	1	0.5	13.422231	0.076053441
20151004	1	0.5	13.763322	0.074479401
20151004	1	0.5	12.933578	0.11653471
20151004	1	0.5	12.478914	0.076792419
20151004	1	0.5	16.541454	0.13741004
20151004	1	0.5	16.911041	0.16057324
20151004	1	0.5	12.003982	0.07133311
20151004	1	0.5	14.169064	0.077073634
20151004	1	0.5	17.716522	0.12530345
20151004	1	0.5	13.055343	0.10651827
20151004	1	0.5	14.176853	0.085362375
20151004	1	0.5	14.724323	0.14412409
20151004	1	0.5	13.156418	0.091282368
20151004	1	0.5	13.68557	0.061745048
20151004	1	0.5	15.297925	0.098244846
20151004	1	0.5	14.189824	0.08860749
20151004	1	0.5	13.752624	0.10563707
20151004	1	0.5	13.287219	0.078765631
20151004	1	0.5	12.080373	0.086280525
20151004	1	0.5	12.796288	0.084362447
20151004	1	0.5	17.342884	0.10211813
20151004	1	0.5	13.558611	0.060757935
20151004	1	0.5	10.055701	0.066016316
20151004	1	0.5	12.065133	0.11974823
20151004	1	0.5	14.288026	0.14742923
20151004	1	0.5	14.207965	0.074783266
20151004	1	0.5	14.456999	0.091218412
20151004	1	0.5	13.334215	0.1034956
20151004	1	0.5	12.616742	0.091305852
20151004	1	0.5	11.862137	0.089433849
20151004	1	0.5	13.080684	0.081107259
20151004	1	0.5	13.094742	0.087335408
20151004	1	0.5	12.890832	0.077193737
20151004	1	0.5	12.34849	0.070251226
20151004	1	0.5	12.873693	0.092955053
20151004	1	0.5	15.938754	0.11911732
20151004	1	0.5	14.756775	0.074345529
20151004	1	0.5	11.59864	0.066605866
20151004	1	0.5	12.258768	0.087511063
20151004	1	0.5	12.02848	0.06707406
20151004	1	0.5	13.386544	0.078937173
20151004	1	0.5	15.213506	0.083883822
20151004	1	0.5	14.651672	0.071411729
20151004	1	0.5	12.291742	0.059214771
20151004	1	0.5	15.116448	0.093922734
20151004	1	0.5	14.535687	0.081545234
20151004	1	0.5	13.506948	0.088532805
20151004	1	0.5	13.512396	0.088383734
20151004	1	0.5	15.871662	0.10270846
20151004	1	0.5	12.686545	0.074469209
20151004	1	0.5	14.439172	0.0918293
20151004	1	0.5	14.801591	0.088924468
20151004	1	0.5	11.4582	0.077539027
20151004	1	0.5	12.779022	0.077629328
20151004	1	0.5	12.706832	0.066403925
20151004	1	0.5	13.696321	0.069156587
20151004	1	0.5	12.99885	0.10190356
20151004	1	0.5	14.636596	0.11606854
20151004	1	0.5	14.699312	0.12061667
20151004	1	0.5	12.686545	0.057825208
20151004	1	0.5	12.674938	0.075514257
20151004	1	0.5	16.585884	0.14064139
20151004	1	0.5	13.661349	0.084520996
20151004	1	0.5	14.067417	0.065397799
20151004	1	0.5	12.813529	0.09362334
20151004	1	0.5	12.950638	0.072080374
20151004	1	0.5	14.505278	0.073175848
20151004	1	0.5	12.508367	0.10298079
20151004	1	0.5	12.71841	0.10459614
20151004	1	0.5	12.967674	0.091669619
20151004	1	0.5	12.813529	0.088590682
20151004	1	0.5	12.098635	0.084233701
20151004	1	0.5	14.030749	0.090028226
20151004	1	0.5	11.890022	0.062749147
20151004	1	0.5	14.033372	0.077754915
20151004	1	0.5	15.324362	0.12905395
20151004	1	0.5	13.864543	0.07928896
20151004	1	0.5	15.186877	0.094004154
20151004	1	0.5	12.893686	0.092569113
20151004	1	0.5	14.382998	0.087458491
20151004	1	0.5	12.572919	0.10608727
20151004	1	0.5	13.861889	0.077650249
20151004	1	0.5	13.909589	0.074407518
20151004	1	0.5	18.997402	0.078122199
20151004	1	0.5	18.604006	0.084905326
20151004	1	0.5	12.645874	0.063980579
20151004	1	0.5	11.608154	0.064005435
20151004	1	0.5	15.489157	0.099271715
20151004	1	0.5	14.54075	0.0927791
20151004	1	0.5	12.068183	0.072250545
20151004	1	0.5	12.02236	0.068080485
20151004	1	0.5	14.726822	0.089777589
20151004	1	0.5	13.73656	0.070396841
20151004	1	0.5	12.399044	0.063375294
20151004	1	0.5	16.647888	0.098225355
20151004	1	0.5	15.432036	0.11906672
20151004	1	0.5	15.242502	0.085757792
20151004	1	0.5	13.339733	0.083182633
20151004	1	0.5	13.583014	0.070891798
20151004	1	0.5	13.086308	0.070635676
20151004	1	0.5	12.572919	0.082329333
20151004	1	0.5	12.813529	0.097519338
20151004	1	0.5	13.749948	0.096684456
20151004	1	0.5	12.75308	0.097709179
20151004	1	0.5	16.08354	0.084959865
20151004	1	0.5	16.242899	0.065367758
20151004	1	0.5	13.829998	0.077909291
20151004	1	0.5	14.23901	0.098822713
20151004	1	0.5	12.369331	0.07401371
20151004	1	0.5	13.824676	0.10164487
20151004	1	0.5	19.230343	0.10431445
20151004	1	0.5	13.148024	0.12727547
20151004	1	0.5	16.276846	0.12738985
20151004	1	0.5	15.018764	0.080009997
20151004	1	0.5	14.169064	0.061684608
20151004	1	0.5	14.616469	0.10767943
20151004	1	0.5	14.083103	0.12229073
20151004	1	0.5	13.038421	0.065021336
20151004	1	0.5	13.306591	0.071290493
20151004	1	0.5	13.872503	0.083112478
20151004	1	0.5	13.419489	0.07810843
20151004	1	0.5	13.808697	0.099875689
20151004	1	0.5	12.452348	0.065930128
20151004	1	0.5	12.996018	0.10852426
20151004	1	0.5	12.628403	0.12340921
20151004	1	0.5	12.648783	0.10441619
20151004	1	0.5	13.245614	0.068701804
20151004	1	0.5	14.357391	0.075707376
20151004	1	0.5	12.416838	0.093567371
20151004	1	0.5	14.724323	0.094292819
20151004	1	0.5	13.690946	0.094605684
20151004	1	0.5	12.865116	0.069833755
20151004	1	0.5	15.623981	0.10525745
20151004	1	0.5	12.016237	0.081656516
20151004	1	0.5	15.016315	0.098952711
20151004	1	0.5	12.822141	0.11011946
20151004	1	0.5	12.30072	0.10594481
20151004	1	0.5	12.010111	0.05880636
20151004	1	0.5	12.065133	0.066746294
20151004	1	0.5	12.683644	0.089421272
20151004	1	0.5	14.634082	0.12278187
20151004	1	0.5	12.46121	0.044929385
20151004	1	0.5	15.084771	0.12964171
20151004	1	0.5	12.413874	0.097240329
20151004	1	0.5	12.89654	0.08149308
20151004	1	0.5	17.116505	0.13137889
20151004	1	0.5	11.880734	0.087165773
20151004	1	0.5	16.982695	0.14030433
20151004	1	0.5	14.202785	0.070421338
20151004	1	0.5	11.522249	0.047246933
20151004	1	0.5	16.689829	0.0888744
20151004	1	0.5	12.75885	0.072047532
20151004	1	0.5	13.487865	0.10844165
20151004	1	0.5	11.911665	0.088435352
20151004	1	0.5	11.595468	0.081190467
20151004	1	0.5	15.004057	0.077288926
20151004	1	0.5	13.967666	0.070979178
20151004	1	0.5	14.085715	0.077883303
20151004	1	0.5	12.198587	0.056556225
20151004	1	0.5	13.798034	0.10976964
20151004	1	0.5	8.4837608	0.021486282
20151004	1	0.5	15.319558	0.12910789
20151004	1	0.5	14.431524	0.077190399
20151004	1	0.5	12.031538	0.0941751
20151004	1	0.5	13.226153	0.12743455
20151004	1	0.5	12.068183	0.074491501
20151004	1	0.5	8.1519756	0.035511076
20151004	1	0.5	13.949213	0.114604
20151004	1	0.5	14.591273	0.079346418
20151004	1	0.5	14.479888	0.076992214
20151004	1	0.5	14.764254	0.13608217
20151004	1	0.5	12.528942	0.080000818
20151004	1	0.5	12.15931	0.07644254
20151004	1	0.5	11.393791	0.049089193
20151004	1	0.5	14.806562	0.097966433
20151004	1	0.5	14.298324	0.057684839
20151004	1	0.5	11.522249	0.079640865
20151004	1	0.5	14.8165	0.09153676
20151004	1	0.5	18.359114	0.12831086
20151004	1	0.5	13.967666	0.094634593
20151004	1	0.5	14.952468	0.094582319
20151004	1	0.5	13.289989	0.092944622
20151004	1	0.5	15.600412	0.11417323
20151004	1	0.5	12.637141	0.057588041
20151004	1	0.5	11.377632	0.06712091
20151004	1	0.5	16.158863	0.1444
20151004	1	0.5	12.342529	0.068825543
20151004	1	0.5	11.796814	0.10634649
20151004	1	0.5	15.208668	0.062435091
20151004	1	0.5	11.547769	0.059299946
20151004	1	0.5	13.201092	0.090849638
20151004	1	0.5	15.752981	0.13874203
20151004	1	0.5	14.316326	0.082839668
20151004	1	0.5	11.240979	0.065685093
20151004	1	0.5	12.651691	0.064042509
20151004	1	0.5	12.610909	0.085983515
20151004	1	0.5	14.439172	0.065708697
20151004	1	0.5	12.119906	0.090718269
20151004	1	0.5	13.206664	0.083505273
20151004	1	0.5	11.951756	0.087357759
20151004	1	0.5	14.754281	0.10121357
20151004	1	0.5	12.297729	0.07722187
20151004	1	0.5	14.156074	0.077914894
20151004	1	0.5	11.267136	0.056631505
20151004	1	0.5	11.254065	0.075782597
20151004	1	0.5	12.104716	0.080403328
20151004	1	0.5	11.115892	0.050451577
20151004	1	0.5	14.497665	0.08003062
20151004	1	0.5	14.030749	0.073301077
20151004	1	0.5	12.428685	0.088954151
20151004	1	0.5	13.01865	0.054404318
20151004	1	0.5	12.622574	0.13268214
20151004	1	0.5	13.938657	0.060108244
20151004	1	0.5	13.317647	0.070337474
20151004	1	0.5	10.70786	0.026728928
20151004	1	0.5	12.628403	0.073906064
20151004	1	0.5	12.701039	0.10848546
20151004	1	0.5	13.134023	0.097774148
20151004	1	0.5	14.6918	0.088267446
20151004	1	0.5	13.105977	0.088775218
20151004	1	0.5	13.276137	0.090039372
20151004	1	0.5	14.875983	0.10538381
20151004	1	0.5	13.776682	0.069260955
20151004	1	0.5	14.088327	0.10336769
20151004	1	0.5	11.939436	0.061145306
20151004	1	0.5	14.726822	0.078808308
20151004	1	0.5	10.510159	0.049164355
20151004	1	0.5	13.938657	0.090585887
20151004	1	0.5	17.105751	0.11678469
20151004	1	0.5	14.24676	0.073336244
20151004	1	0.5	13.226153	0.095759869
20151004	1	0.5	12.104716	0.063158572
20151004	1	0.5	13.877807	0.071965218
20151004	1	0.5	13.645179	0.10787439
20151004	1	0.5	11.985576	0.068763554
20151004	1	0.5	13.170395	0.091362178
20151004	1	0.5	15.104273	0.10494882
20151004	1	0.5	10.851231	0.051568389
20151004	1	0.5	14.497665	0.11262482
20151004	1	0.5	13.31212	0.064637601
20151004	1	0.5	13.178774	0.073330104
20151004	1	0.5	12.490704	0.043467104
20151004	1	0.5	12.686545	0.064192235
20151004	1	0.5	13.342491	0.089953601
20151004	1	0.5	17.731056	0.097782075
20151004	1	0.5	12.689445	0.088372827
20151004	1	0.5	13.645179	0.11564398
20151004	1	0.5	12.354448	0.11436963
20151004	1	0.5	14.114423	0.11310381
20151004	1	0.5	14.182043	0.13967693
20151004	1	0.5	14.510351	0.096098006
20151004	1	0.5	12.799162	0.068939805
20151004	1	0.5	13.103169	0.071125865
20151004	1	0.5	10.714731	0.046244562
20151004	1	0.5	13.572173	0.12547988
20151004	1	0.5	16.179344	0.13374382
20151004	1	0.5	11.4582	0.072813392
20151004	1	0.5	15.37231	0.093090594
20151004	1	0.5	12.216673	0.072179437
20151004	1	0.5	11.538205	0.098536015
20151004	1	0.5	12.422763	0.066633523
20151004	1	0.5	16.643467	0.10454118
20151004	1	0.5	11.257334	0.05913204
20151004	1	0.5	13.604669	0.064798772
20151004	1	0.5	16.274584	0.097392023
20151004	1	0.5	12.776142	0.082436383
20151004	1	0.5	12.393107	0.088529348
20151004	1	0.5	13.959761	0.086297631
20151004	1	0.5	14.856181	0.093665898
20151004	1	0.5	11.329017	0.06265384
20151004	1	0.5	13.468755	0.085223854
20151004	1	0.5	14.530623	0.099494278
20151004	1	0.5	14.64916	0.081670284
20151004	1	0.5	12.767499	0.072667658
20151004	1	0.5	13.317647	0.076203942
20151004	1	0.5	14.192417	0.089384675
20151004	1	0.5	15.857746	0.085825324
20151004	1	0.5	11.988646	0.076595366
20151004	1	0.5	14.611434	0.086494446
20151004	1	0.5	16.499134	0.092454374
20151004	1	0.5	13.28445	0.10054338
20151004	1	0.5	13.717796	0.068754017
20151004	1	0.5	13.506948	0.081806362
20151004	1	0.5	12.1472	0.086121798
20151004	1	0.5	12.599232	0.093957961
20151004	1	0.5	12.833615	0.070615828
20151004	1	0.5	12.258768	0.071801603
20151004	1	0.5	12.63423	0.076516807
20151004	1	0.5	16.136074	0.10178661
20151004	1	0.5	14.163869	0.090276778
20151004	1	0.5	12.672034	0.063632309
20151004	1	0.5	12.375279	0.10158592
20151004	1	0.5	12.882266	0.068849027
20151004	1	0.5	14.954928	0.09830451
20151004	1	0.5	10.813865	0.069033444
20151004	1	0.5	11.646131	0.067753911
20151004	1	0.5	11.487066	0.045267105
20151004	1	0.5	13.996614	0.091843009
20151004	1	0.5	12.303711	0.070408583
20151004	1	0.5	12.807784	0.082490385
20151004	1	0.5	12.810657	0.081950366
20151004	1	0.5	13.114397	0.048866093
20151004	1	0.5	12.859395	0.10004348
20151004	1	0.5	13.201092	0.10705888
20151004	1	0.5	15.118882	0.093221664
20151004	1	0.5	13.234497	0.084781945
20151004	1	0.5	13.620888	0.11069828
20151004	1	0.5	14.436623	0.11876708
20151004	1	0.5	17.842768	0.084723532
20151004	1	0.5	15.269034	0.11872613
20151004	1	0.5	13.375544	0.097605646
20151004	1	0.5	15.338762	0.085843384
20151004	1	0.5	12.967674	0.069601655
20151004	1	0.5	11.818628	0.081726968
20151004	1	0.5	12.71841	0.080004454
20151004	1	0.5	12.970511	0.049120009
20151004	1	0.5	12.85367	0.11000699
20151004	1	0.5	14.051714	0.088540256
20151004	1	0.5	13.394788	0.05949688
20151004	1	0.5	12.312679	0.079025865
20151004	1	0.5	15.427267	0.087798476
20151004	1	0.5	13.069427	0.083782315
20151004	1	0.5	14.101381	0.073162258
20151004	1	0.5	15.389056	0.10836637
20151004	1	0.5	11.917842	0.074995339
20151004	1	0.5	12.177454	0.10079682
20151004	1	0.5	13.201092	0.066818893
20151004	1	0.5	11.13904	0.045237184
20151004	1	0.5	11.908576	0.10596806
20151004	1	0.5	12.098635	0.098398268
20151004	1	0.5	14.117029	0.10644394
20151004	1	0.5	13.292757	0.10573715
20151004	1	0.5	12.195571	0.081665695
20151004	1	0.5	11.960989	0.058758497
20151004	1	0.5	12.873693	0.086430669
20151004	1	0.5	13.77134	0.089983523
20151004	1	0.5	11.289973	0.045901179
20151004	1	0.5	12.240746	0.095616698
20151004	1	0.5	13.16201	0.08539474
20151004	1	0.5	12.602152	0.055095434
20151004	1	0.5	13.066611	0.095738232
20151004	1	0.5	12.628403	0.071740925
20151004	1	0.5	13.68557	0.086205125
20151004	1	0.5	14.474804	0.071926713
20151004	1	0.5	16.799706	0.09292686
20151004	1	0.5	14.153474	0.079905808
20151004	1	0.5	12.273767	0.082728505
20151004	1	0.5	12.575846	0.073046625
20151004	1	0.5	14.550868	0.11394525
20151004	1	0.5	11.994782	0.083297074
20151004	1	0.5	12.02236	0.062256515
20151004	1	0.5	16.483515	0.17260504
20151004	1	0.5	14.124846	0.10425377
20151004	1	0.5	12.578771	0.087273121
20151004	1	0.5	14.631567	0.11414737
20151004	1	0.5	13.00168	0.059643567
20151004	1	0.5	13.784693	0.085796118
20151004	1	0.5	11.753064	0.094918311
20151004	1	0.5	14.477346	0.083426118
20151004	1	0.5	12.933578	0.077823639
20151004	1	0.5	12.660414	0.08561188
20151004	1	0.5	12.581696	0.067972839
20151004	1	0.5	12.581696	0.084462166
20151004	1	0.5	12.246756	0.074520946
20151004	1	0.5	14.571085	0.071188211
20151004	1	0.5	12.234732	0.070989013
20151004	1	0.5	13.938657	0.12210387
20151004	1	0.5	13.097551	0.065770149
20151004	1	0.5	14.932767	0.12634325
20151004	1	0.5	13.954488	0.090512335
20151004	1	0.5	11.988646	0.074532807
20151004	1	0.5	12.404978	0.10531598
20151004	1	0.5	11.793694	0.07464236
20151004	1	0.5	15.07257	0.092197061
20151004	1	0.5	16.256487	0.18753856
20151004	1	0.5	13.167601	0.082986295
20151004	1	0.5	14.241593	0.11932999
20151004	1	0.5	14.593795	0.09851557
20151004	1	0.5	12.741534	0.080201507
20151004	1	0.5	11.731129	0.075822234
20151004	1	0.5	14.067417	0.11188269
20151004	1	0.5	10.841052	0.050161302
20151004	1	0.5	11.693428	0.063309371
20151004	1	0.5	14.806562	0.062748253
20151004	1	0.5	14.474804	0.08265239
20151004	1	0.5	15.467762	0.076661944
20151004	1	0.5	14.507814	0.065073133
20151004	1	0.5	13.237277	0.067764699
20151004	1	0.5	13.228935	0.06994462
20151004	1	0.5	13.089121	0.056898594
20151004	1	0.5	15.517638	0.15191203
20151004	1	0.5	14.282874	0.076886714
20151004	1	0.5	11.23443	0.068141758
20151004	1	0.5	16.163416	0.16517401
20151004	1	0.5	14.451908	0.1053285
20151004	1	0.5	14.352264	0.067347944
20151004	1	0.5	12.99885	0.090989888
20151004	1	0.5	13.487865	0.075998247
20151004	1	0.5	12.458257	0.086230695
20151004	1	0.5	13.526005	0.10963482
20151004	1	0.5	15.393838	0.12538534
20151004	1	0.5	15.182031	0.10740894
20151004	1	0.5	13.325933	0.10865641
20151004	1	0.5	12.138108	0.1057682
20151004	1	0.5	13.359027	0.017884076
20151004	1	0.5	12.836483	0.1055969
20151004	1	0.5	12.452348	0.074218273
20151004	1	0.5	12.964836	0.071472764
20151004	1	0.5	12.132044	0.06641525
20151004	1	0.5	12.195571	0.10504895
20151004	1	0.5	12.264771	0.047518969
20151004	1	0.5	13.094742	0.091956079
20151004	1	0.5	12.198587	0.065571666
20151004	1	0.5	12.264771	0.0668419
20151004	1	0.5	11.768708	0.079348326
20151004	1	0.5	12.596311	0.077003539
20151004	1	0.5	11.64297	0.078941107
20151004	1	0.5	10.972628	0.033677042
20151004	1	0.5	13.052524	0.068193495
20151004	1	0.5	13.416746	0.11754036
20151004	1	0.5	14.210555	0.091558754
20151004	1	0.5	14.423873	0.095096529
20151004	1	0.5	15.47014	0.10559762
20151004	1	0.5	11.840403	0.058759391
20151004	1	0.5	13.607373	0.12472725
20151004	1	0.5	11.409927	0.06007731
20151004	1	0.5	15.581532	0.12450862
20151004	1	0.5	13.097551	0.11237067
20151004	1	0.5	12.622574	0.079849958
20151004	1	0.5	13.996614	0.084134281
20151004	1	0.5	14.093551	0.079939663
20151004	1	0.5	14.398339	0.10033751
20151004	1	0.5	11.840403	0.086248398
20151004	1	0.5	15.839172	0.10824913
20151004	1	0.5	13.5396	0.10011321
20151004	1	0.5	14.393228	0.098554671
20151004	1	0.5	12.243751	0.070604444
20151004	1	0.5	12.177454	0.079626501
20151004	1	0.5	12.17141	0.052438438
20151004	1	0.5	13.504224	0.10265338
20151004	1	0.5	11.608154	0.056808233
20151004	1	0.5	12.715516	0.059920073
20151004	1	0.5	13.899003	0.073412776
20151004	1	0.5	12.440522	0.11250389
20151004	1	0.5	15.484405	0.085202038
20151004	1	0.5	13.528725	0.13493681
20151004	1	0.5	12.264771	0.10679865
20151004	1	0.5	13.289989	0.075373411
20151004	1	0.5	12.741534	0.098008037
20151004	1	0.5	13.242836	0.1375227
20151004	1	0.5	12.010111	0.062224984
20151004	1	0.5	11.006111	0.063488364
20151004	1	0.5	14.883403	0.10840976
20151004	1	0.5	14.947545	0.085506678
20151004	1	0.5	16.441046	0.14844358
20151004	1	0.5	14.390671	0.090297163
20151004	1	0.5	13.072242	0.063367486
20151004	1	0.5	16.012459	0.10321027
20151004	1	0.5	14.210555	0.10853428
20151004	1	0.5	13.569462	0.080002844
20151004	1	0.5	12.327614	0.070537746
20151004	1	0.5	15.458243	0.084528923
20151004	1	0.5	12.523067	0.068830311
20151004	1	0.5	11.86834	0.098175764
20151004	1	0.5	14.228669	0.11785597
20151004	1	0.5	12.99885	0.068415761
20151004	1	0.5	16.512508	0.10722637
20151004	1	0.5	14.479888	0.075830817
20151004	1	0.5	13.334215	0.088409305
20151004	1	0.5	11.142343	0.04978925
20151004	1	0.5	13.972934	0.072665274
20151004	1	0.5	13.07787	0.057700515
20151004	1	0.5	12.776142	0.078048825
20151004	1	0.5	13.68019	0.095359266
20151004	1	0.5	15.179606	0.078145087
20151004	1	0.5	14.148273	0.087791204
20151004	1	0.5	13.784693	0.098147571
20151004	1	0.5	13.058161	0.091462433
20151004	1	0.5	12.135077	0.062753856
20151004	1	0.5	12.26777	0.060862124
20151004	1	0.5	14.618987	0.09539032
20151004	1	0.5	12.922193	0.088719904
20151004	1	0.5	12.330598	0.065741897
20151004	1	0.5	14.618987	0.092918217
20151004	1	0.5	14.746798	0.11781591
20151004	1	0.5	13.416746	0.095575213
20151004	1	0.5	14.701816	0.049831986
20151004	1	0.5	12.847943	0.09755671
20151004	1	0.5	11.671379	0.071014166
20151004	1	0.5	10.844446	0.047627091
20151004	1	0.5	15.033458	0.1251412
20151004	1	0.5	16.165693	0.09707433
20151004	1	0.5	14.004499	0.07029593
20151004	1	0.5	12.939266	0.1279332
20151004	1	0.5	15.00651	0.084917426
20151004	1	0.5	12.153256	0.06158191
20151004	1	0.5	13.642482	0.05737704
20151004	1	0.5	13.265046	0.098801374
20151004	1	0.5	13.517841	0.055669546
20151004	1	0.5	13.814025	0.085179627
20151004	1	0.5	13.574884	0.085280001
20151004	1	0.5	12.252764	0.074644268
20151004	1	0.5	15.045691	0.094839752
20151004	1	0.5	13.501498	0.06995672
20151004	1	0.5	13.029951	0.063584685
20151004	1	0.5	13.394788	0.075722575
20151004	1	0.5	13.949213	0.064165354
20151004	1	0.5	11.464621	0.033088624
20151004	1	0.5	11.509468	0.05032903
20151004	1	0.5	15.427267	0.093660116
20151004	1	0.5	14.207965	0.11400998
20151004	1	0.5	12.807784	0.1207484
20151004	1	0.5	15.505777	0.13610131
20151004	1	0.5	12.14417	0.083885193
20151004	1	0.5	14.900699	0.082594395
20151004	1	0.5	13.394788	0.07916671
20151004	1	0.5	13.295525	0.05914551
20151004	1	0.5	12.475965	0.088068485
20151004	1	0.5	12.473016	0.067970693
20151004	1	0.5	17.274855	0.10053575
20151004	1	0.5	12.575846	0.072302163
20151004	1	0.5	13.134023	0.11054492
20151004	1	0.5	13.44688	0.091022611
20151004	1	0.5	13.438669	0.067104578
20151004	1	0.5	11.778084	0.10192794
20151004	1	0.5	13.808697	0.016366601
20151004	1	0.5	13.289989	0.064796805
20151004	1	0.5	17.425434	0.13384038
20151004	1	0.5	14.801591	0.069540918
20151004	1	0.5	13.389293	0.070751429
20151004	1	0.5	14.588751	0.072586119
20151004	1	0.5	19.494499	0.091479242
20151004	1	0.5	12.458257	0.10092866
20151004	1	0.5	15.326762	0.06747812
20151004	1	0.5	14.761761	0.088046074
20151004	1	0.5	13.747271	0.10148376
20151004	1	0.5	11.633486	0.082850158
20151004	1	0.5	13.117203	0.068941772
20151004	1	0.5	13.725841	0.072864711
20151004	1	0.5	13.946574	0.080073476
20151004	1	0.5	17.294014	0.095169306
20151004	1	0.5	12.487758	0.067442179
20151004	1	0.5	14.434073	0.091589093
20151004	1	0.5	12.628403	0.095990598
20151004	1	0.5	15.441571	0.07551676
20151004	1	0.5	13.588431	0.09209311
20151004	1	0.5	12.1472	0.086363077
20151004	1	0.5	12.735757	0.061060071
20151004	1	0.5	13.086308	0.099763036
20151004	1	0.5	13.755299	0.088389337
20151004	1	0.5	13.765995	0.12140745
20151004	1	0.5	11.77496	0.041279018
20151004	1	0.5	13.142426	0.078142762
20151004	1	0.5	14.950006	0.081090391
20151004	1	0.5	14.101381	0.073292434
20151004	1	0.5	13.159214	0.073513925
20151004	1	0.5	16.758038	0.14961588
20151004	1	0.5	14.231255	0.12352586
20151004	1	0.5	12.110794	0.078403592
20151004	1	0.5	13.583014	0.066952169
20151004	1	0.5	15.249743	0.12373531
20151004	1	0.5	12.692345	0.08208251
20151004	1	0.5	14.220908	0.10753191
20151004	1	0.5	14.228669	0.14367652
20151004	1	0.5	12.956319	0.078023255
20151004	1	0.5	15.145631	0.10114878
20151004	1	0.5	13.658655	0.14579964
20151004	1	0.5	15.588614	0.092366457
20151004	1	0.5	11.806169	0.087765515
20151004	1	0.5	16.402954	0.11155987
20151004	1	0.5	13.647875	0.10095173
20151004	1	0.5	13.798034	0.094799161
20151004	1	0.5	15.463003	0.14424533
20151004	1	0.5	12.810657	0.05741936
20151004	1	0.5	14.3702	0.085789859
20151004	1	0.5	13.228935	0.13174087
20151004	1	0.5	12.36338	0.053437769
20151004	1	0.5	16.625771	0.13440776
20151004	1	0.5	13.79003	0.11773199
20151004	1	0.5	15.121316	0.069298744
20151004	1	0.5	12.14417	0.069452345
20151004	1	0.5	15.61927	0.098197758
20151004	1	0.5	12.186516	0.093225479
20151004	1	0.5	18.76157	0.19722694
20151004	1	0.5	19.361921	0.11018455
20151004	1	0.5	14.413665	0.073697627
20151004	1	0.5	11.474245	0.060977578
20151004	1	0.5	14.326603	0.092643082
20151004	1	0.5	12.41091	0.097618103
20151004	1	0.5	15.631045	0.075874746
20151004	1	0.5	13.400281	0.13516629
20151004	1	0.5	12.279762	0.045198023
20151004	1	0.5	11.08606	0.069319963
20151004	1	0.5	16.55035	0.17317033
20151004	1	0.5	15.443954	0.089735925
20151004	1	0.5	14.169064	0.093227863
20151004	1	0.5	14.388113	0.044328332
20151004	1	0.5	11.519055	0.0577057
20151004	1	0.5	11.821741	0.070521295
20151004	1	0.5	15.76699	0.11254585
20151004	1	0.5	13.693633	0.088756502
20151004	1	0.5	12.686545	0.016300797
20151004	1	0.5	14.101381	0.098767042
20151004	1	0.5	13.5396	0.090196788
20151004	1	0.5	17.10145	0.10328394
20151004	1	0.5	13.720478	0.074335456
20151004	1	0.5	12.578771	0.095923007
20151004	1	0.5	14.809047	0.075001597
20151004	1	0.5	14.716825	0.084180832
20151004	1	0.5	10.99273	0.075854778
20151004	1	0.5	13.198304	0.05647558
20151004	1	0.5	14.29575	0.080076277
20151004	1	0.5	12.92504	0.10875964
20151004	1	0.5	12.315668	0.077210069
20151004	1	0.5	13.201092	0.069855273
20151004	1	0.5	13.534163	0.066973507
20151004	1	0.5	12.738646	0.05605042
20151004	1	0.5	13.707063	0.053246379
20151004	1	0.5	13.914878	0.11538696
20151004	1	0.5	14.298324	0.068072557
20151004	1	0.5	15.576808	0.12511736
20151004	1	0.5	11.914754	0.076869309
20151004	1	0.5	13.156418	0.06973362
20151004	1	0.5	14.505278	0.097191334
20151004	1	0.5	13.779352	0.06911236
20151004	1	0.5	13.822014	0.084217906
20151004	1	0.5	14.140469	0.098762333
20151004	1	0.5	13.591139	0.066417694
20151004	1	0.5	12.44348	0.069785178
20151004	1	0.5	12.622574	0.096801877
20151004	1	0.5	15.07257	0.1043542
20151004	1	0.5	14.434073	0.075239062
20151004	1	0.5	12.003982	0.048265398
20151004	1	0.5	12.273767	0.091915309
20151004	1	0.5	15.057915	0.10379136
20151004	1	0.5	14.601357	0.082474887
20151004	1	0.5	16.051479	0.050401866
20151004	1	0.5	13.256721	0.063766718
20151004	1	0.5	12.764617	0.080087662
20151004	1	0.5	14.072648	0.07364434
20151004	1	0.5	13.049705	0.092423916
20151004	1	0.5	13.449617	0.091804087
20151004	1	0.5	13.577595	0.082117319
20151004	1	0.5	14.249343	0.095654249
20151004	1	0.5	13.055343	0.080265045
20151004	1	0.5	15.987162	0.10957438
20151004	1	0.5	13.531445	0.11665714
20151004	1	0.5	14.169064	0.082042396
20151004	1	0.5	14.382998	0.080576599
20151004	1	0.5	11.145645	0.071775913
20151004	1	0.5	12.523067	0.066970706
20151004	1	0.5	14.075262	0.057981849
20151004	1	0.5	10.928946	0.050873995
20151004	1	0.5	13.237277	0.091553569
20151004	1	0.5	12.010111	0.080603898
20151004	1	0.5	15.057915	0.042397678
20151004	1	0.5	13.986095	0.099794805
20151004	1	0.5	12.939266	0.11300409
20151004	1	0.5	10.854621	0.076675653
20151004	1	0.5	12.315668	0.062288344
20151004	1	0.5	15.799629	0.10528111
20151004	1	0.5	11.522249	0.079068303
20151004	1	0.5	14.390671	0.12413895
20151004	1	0.5	12.587543	0.069746017
20151004	1	0.5	14.756775	0.065995753
20151004	1	0.5	14.78169	0.088869631
20151004	1	0.5	12.010111	0.055849016
20151004	1	0.5	13.824676	0.065854371
20151004	1	0.5	15.9526	0.088519216
20151004	1	0.5	12.419801	0.061893225
20151004	1	0.5	13.375544	0.15538645
20151004	1	0.5	13.859234	0.088288426
20151004	1	0.5	15.957213	0.073717058
20151004	1	0.5	18.244514	0.071429074
20151004	1	0.5	12.822141	0.058513105
20151004	1	0.5	11.743669	0.04917568
20151004	1	0.5	24.701448	0.11195242
20151004	1	0.5	11.979433	0.072410405
20151004	1	0.5	12.249761	0.10041803
20151004	1	0.5	17.060518	0.13200927
20151004	1	0.5	13.356273	0.073622167
20151004	1	0.5	12.847943	0.13327473
20151004	1	0.5	11.696574	0.043629706
20151004	1	0.5	14.411112	0.11242753
20151004	1	0.5	13.776682	0.073090553
20151004	1	0.5	15.626336	0.091853797
20151004	1	0.5	12.53775	0.057221591
20151004	1	0.5	13.967666	0.053804338
20151004	1	0.5	13.717796	0.064647794
20151004	1	0.5	14.996698	0.09202832
20151004	1	0.5	11.709151	0.076427877
20151004	1	0.5	10.527651	0.024926186
20151004	1	0.5	17.304651	0.11976105
20151004	1	0.5	15.211087	0.10045749
20151004	1	0.5	14.989335	0.085317492
20151004	1	0.5	14.244177	0.085572779
20151004	1	0.5	10.344301	0.034879148
20151004	1	0.5	11.451776	0.043216527
20151004	1	0.5	12.487758	0.052547157
20151004	1	0.5	12.255767	0.080007911
20151004	1	0.5	12.587543	0.085116446
20151004	1	0.5	12.822141	0.08557117
20151004	1	0.5	11.765581	0.066655815
20151004	1	0.5	12.273767	0.11160237
20151004	1	0.5	13.455088	0.061197817
20151004	1	0.5	12.228715	0.091669977
20151004	1	0.5	14.984425	0.12145495
20151004	1	0.5	14.922907	0.041317225
20151004	1	0.5	13.749948	0.094032824
20151004	1	0.5	12.859395	0.06403774
20151004	1	0.5	14.500204	0.111238
20151004	1	0.5	13.509672	0.075568378
20151004	1	0.5	14.064801	0.084866703
20151004	1	0.5	13.837977	0.075153112
20151004	1	0.5	12.198587	0.083542347
20151004	1	0.5	11.345245	0.075490832
20151004	1	0.5	12.11687	0.089047313
20151004	1	0.5	12.750196	0.1015988
20151004	1	0.5	14.025503	0.09198314
20151004	1	0.5	15.008962	0.094352067
20151004	1	0.5	12.865116	0.070094943
20151004	1	0.5	14.791644	0.10720545
20151004	1	0.5	20.492025	0.087752402
20151004	1	0.5	12.879409	0.088418126
20151004	1	0.5	13.032775	0.074964106
20151004	1	0.5	15.576808	0.073355198
20151004	1	0.5	11.354971	0.045566738
20151004	1	0.5	11.16214	0.042750597
20151004	1	0.5	12.58462	0.066601872
20151004	1	0.5	14.977057	0.12289196
20151004	1	0.5	14.153474	0.13198394
20151004	1	0.5	12.351469	0.081591845
20151004	1	0.5	14.385555	0.063826621
20151004	1	0.5	13.744594	0.083078802
20151004	1	0.5	11.204913	0.060326397
20151004	1	0.5	14.421322	0.11890805
20151004	1	0.5	14.56098	0.10070711
20151004	1	0.5	13.100361	0.073758066
20151004	1	0.5	13.00168	0.10876459
20151004	1	0.5	13.430452	0.065410137
20151004	1	0.5	15.862386	0.12798679
20151004	1	0.5	17.008675	0.18907356
20151004	1	0.5	11.142343	0.078433931
20151004	1	0.5	13.063795	0.090997994
20151004	1	0.5	13.95185	0.11710197
20151004	1	0.5	12.095593	0.06209296
20151004	1	0.5	13.063795	0.088525116
20151004	1	0.5	11.696574	0.075975597
20151004	1	0.5	14.462089	0.065178931
20151004	1	0.5	15.790311	0.028231978
20151004	1	0.5	13.693633	0.086495519
20151004	1	0.5	13.314884	0.064827263
20151004	1	0.5	13.739239	0.13874602
20151004	1	0.5	12.490704	0.085969448
20151004	1	0.5	11.257334	0.067010283
20151004	1	0.5	12.755965	0.089004815
20151004	1	0.5	12.71841	0.070493102
20151004	1	0.5	13.784693	0.12227368
20151004	1	0.5	13.658655	0.093910038
20151004	1	0.5	13.460556	0.059002399
20151004	1	0.5	11.753064	0.08353281
20151004	1	0.5	12.721303	0.072110593
20151004	1	0.5	11.550954	0.10945249
20151004	1	0.5	11.796814	0.052262425
20151004	1	0.5	15.198987	0.11204332
20151004	1	0.5	14.236425	0.10346979
20151004	1	0.5	11.893116	0.063976049
20151004	1	0.5	11.731129	0.060873508
20151004	1	0.5	12.080373	0.065139651
20151004	1	0.5	12.543618	0.091120124
20151004	1	0.5	13.642482	0.095725238
20151004	1	0.5	13.086308	0.093738616
20151004	1	0.5	13.292757	0.10977554
20151004	1	0.5	13.763322	0.10437948
20151004	1	0.5	12.407944	0.082806885
20151004	1	0.5	11.768708	0.089603305
20151004	1	0.5	14.161271	0.13468766
20151004	1	0.5	13.331455	0.06779021
20151004	1	0.5	14.174257	0.1037491
20151004	1	0.5	14.218321	0.11026561
20151004	1	0.5	12.674938	0.07765013
20151004	1	0.5	16.808464	0.14811647
20151004	1	0.5	11.809284	0.065356731
20151004	1	0.5	10.766122	0.062485099
20151004	1	0.5	11.576411	0.069403231
20151004	1	0.5	15.548434	0.12930286
20151004	1	0.5	14.959848	0.10589123
20151004	1	0.5	13.86985	0.096211731
20151004	1	0.5	12.446437	0.11042613
20151004	1	0.5	14.828912	0.12693363
20151004	1	0.5	13.142426	0.084724367
20151004	1	0.5	13.052524	0.087016106
20151004	1	0.5	13.664042	0.087405622
20151004	1	0.5	14.145672	0.087121904
20151004	1	0.5	12.065133	0.06925106
20151004	1	0.5	13.298292	0.088913262
20151004	1	0.5	14.586228	0.068323791
20151004	1	0.5	15.917963	0.093351424
20151004	1	0.5	13.728521	0.12352002
20151004	1	0.5	16.046892	0.085887372
20151004	1	0.5	14.184638	0.082448542
20151004	1	0.5	14.117029	0.11175287
20151004	1	0.5	15.079892	0.068392336
20151004	1	0.5	12.336565	0.074947476
20151004	1	0.5	15.374703	0.080091536
20151004	1	0.5	15.998666	0.078369856
20151004	1	0.5	11.8124	0.079509735
20151004	1	0.5	12.793411	0.086130798
20151004	1	0.5	13.336974	0.10305059
20151004	1	0.5	13.67481	0.062300801
20151004	1	0.5	14.721824	0.0818488
20151004	1	0.5	13.189938	0.062683821
20151004	1	0.5	11.312765	0.055099726
20151004	1	0.5	14.210555	0.1102733
20151004	1	0.5	14.601357	0.087565243
20151004	1	0.5	12.913647	0.072906852
20151004	1	0.5	14.122241	0.071946144
20151004	1	0.5	12.944953	0.063166738
20151004	1	0.5	13.672119	0.085983872
20151004	1	0.5	11.079419	0.066405416
20151004	1	0.5	14.621504	0.10666466
20151004	1	0.5	12.967674	0.12142307
20151004	1	0.5	14.624021	0.14239085
20151004	1	0.5	13.808697	0.069636643
20151004	1	0.5	15.055471	0.094468236
20151004	1	0.5	14.077876	0.10201293
20151004	1	0.5	13.242836	0.091810048
20151004	1	0.5	12.065133	0.062114298
20151004	1	0.5	12.876552	0.090590417
20151004	1	0.5	13.100361	0.10170382
20151004	1	0.5	13.325933	0.048617959
20151004	1	0.5	11.019476	0.070299625
20151004	1	0.5	13.328694	0.12162727
20151004	1	0.5	12.180475	0.084581554
20151004	1	0.5	14.984425	0.071414113
20151004	1	0.5	14.871036	0.097500861
20151004	1	0.5	19.936829	0.11404151
20151004	1	0.5	12.110794	0.084591091
20151004	1	0.5	11.276929	0.068936706
20151004	1	0.5	12.729978	0.080840111
20151004	1	0.5	13.089121	0.087379396
20151004	1	0.5	12.125977	0.094407737
20151004	1	0.5	14.354828	0.086184144
20151004	1	0.5	12.375279	0.061681986
20151004	1	0.5	13.795366	0.085909665
20151004	1	0.5	12.288749	0.079652786
20151004	1	0.5	13.501498	0.079874098
20151004	1	0.5	15.77399	0.16774338
20151004	1	0.5	12.839349	0.08474791
20151004	1	0.5	16.878372	0.15998232
20151004	1	0.5	12.628403	0.11195201
20151004	1	0.5	13.774012	0.10079432
20151004	1	0.5	16.265537	0.099804699
20151004	1	0.5	14.344571	0.084720016
20151004	1	0.5	12.104716	0.085440755
20151004	1	0.5	14.02288	0.090012789
20151004	1	0.5	15.609843	0.14034957
20151004	1	0.5	11.905485	0.07166785
20151004	1	0.5	12.839349	0.064484954
20151004	1	0.5	12.933578	0.061403394
20151004	1	0.5	12.75885	0.083920419
20151004	1	0.5	13.278909	0.081242621
20151004	1	0.5	11.985576	0.06950289
20151004	1	0.5	13.100361	0.083457351
20151004	1	0.5	11.512665	0.066495597
20151004	1	0.5	14.915508	0.078464687
20151004	1	0.5	15.612201	0.091971993
20151004	1	0.5	14.741806	0.079959989
20151004	1	0.5	13.361781	0.06439513
20151004	1	0.5	10.969273	0.068371832
20151004	1	0.5	16.290403	0.15222549
20151004	1	0.5	14.049096	0.086428106
20151004	1	0.5	14.169064	0.073080122
20151004	1	0.5	12.767499	0.11961865
20151004	1	0.5	12.1472	0.05332464
20151004	1	0.5	13.189938	0.072870135
20151004	1	0.5	11.61766	0.084770083
20151004	1	0.5	12.508367	0.069448352
20151004	1	0.5	12.802037	0.066688418
20151004	1	0.5	13.303825	0.10700464
20151004	1	0.5	18.671133	0.10322106
20151004	1	0.5	16.685419	0.14663279
20151004	1	0.5	11.902394	0.072716773
20151004	1	0.5	15.174758	0.087583125
20151004	1	0.5	11.493471	0.058597326
20151004	1	0.5	11.393791	0.0837726
20151004	1	0.5	13.032775	0.071724236
20151004	1	0.5	13.827337	0.1046859
20151004	1	0.5	12.339547	0.066036999
20151004	1	0.5	11.267136	0.069963098
20151004	1	0.5	12.804911	0.10324872
20151004	1	0.5	13.372792	0.085799098
20151004	1	0.5	12.360403	0.080918014
20151004	1	0.5	11.254065	0.069480062
20151004	1	0.5	11.8124	0.073422134
20151004	1	0.5	12.944953	0.074494302
20151004	1	0.5	14.823948	0.092681289
20151004	1	0.5	13.378295	0.069401443
20151004	1	0.5	11.312765	0.11638618
20151004	1	0.5	12.779022	0.062688589
20151004	1	0.5	12.755965	0.062148631
20151004	1	0.5	12.261769	0.099938214
20151004	1	0.5	13.71243	0.063277066
20151004	1	0.5	15.281078	0.12305373
20151004	1	0.5	15.174758	0.091801584
20151004	1	0.5	14.550868	0.091261864
20151004	1	0.5	12.75308	0.079124808
20151004	1	0.5	13.348005	0.098407388
20151004	1	0.5	13.784693	0.07095772
20151004	1	0.5	13.795366	0.12647676
20151004	1	0.5	13.859234	0.10944599
20151004	1	0.5	13.287219	0.063382804
20151004	1	0.5	15.028562	0.083295882
20151004	1	0.5	13.148024	0.10722965
20151004	1	0.5	14.436623	0.10037345
20151004	1	0.5	11.573233	0.05225569
20151004	1	0.5	14.846271	0.043306708
20151004	1	0.5	12.381225	0.07469672
20151004	1	0.5	13.212235	0.083169281
20151004	1	0.5	13.136825	0.074833989
20151004	1	0.5	11.815515	0.074369013
20151004	1	0.5	14.290601	0.094522417
20151004	1	0.5	12.080373	0.08858937
20151004	1	0.5	13.487865	0.077150464
20151004	1	0.5	17.276985	0.061825514
20151004	1	0.5	17.221521	0.10629052
20151004	1	0.5	12.787658	0.087966144
20151004	1	0.5	12.324629	0.10369289
20151004	1	0.5	11.78433	0.064991593
20151004	1	0.5	16.608055	0.10530561
20151004	1	0.5	14.930303	0.064534724
20151004	1	0.5	13.317647	0.096850514
20151004	1	0.5	14.996698	0.096242607
20151004	1	0.5	13.909589	0.099224627
20151004	1	0.5	15.586254	0.1013701
20151004	1	0.5	11.270401	0.059535086
20151004	1	0.5	16.046892	0.083428442
20151004	1	0.5	15.1893	0.076825559
20151004	1	0.5	11.696574	0.069245577
20151004	1	0.5	13.234497	0.057843566
20151004	1	0.5	12.799162	0.069225967
20151004	1	0.5	14.977057	0.097456396
20151004	1	0.5	14.996698	0.072012186
20151004	1	0.5	10.700985	0.04853946
20151004	1	0.5	14.249343	0.093330979
20151004	1	0.5	12.219685	0.067900836
20151004	1	0.5	11.852827	0.072367489
20151004	1	0.5	12.407944	0.10857409
20151004	1	0.5	14.40345	0.090995848
20151004	1	0.5	12.162336	0.058174372
20151004	1	0.5	13.688258	0.092952132
20151004	1	0.5	11.519055	0.077578545
20151004	1	0.5	12.104716	0.077342868
20151004	1	0.5	12.342529	0.086261272
20151004	1	0.5	16.344524	0.11987561
20151004	1	0.5	11.924016	0.083858073
20151004	1	0.5	14.01238	0.086522996
20151004	1	0.5	14.030749	0.065444052
20151004	1	0.5	13.303825	0.085859716
20151004	1	0.5	13.122812	0.084193826
20151004	1	0.5	13.403027	0.083637118
20151004	1	0.5	14.439172	0.090040207
20151004	1	0.5	13.792698	0.091783464
20151004	1	0.5	9.2115698	0.10046536
20151004	1	0.5	13.983463	0.069297254
20151004	1	0.5	15.536597	0.084089279
20151004	1	0.5	16.106403	0.14513296
20151004	1	0.5	12.496594	0.07256937
20151004	1	0.5	12.683644	0.10988021
20151004	1	0.5	13.744594	0.092886984
20151004	1	0.5	12.177454	0.061831236
20151004	1	0.5	13.509672	0.095003724
20151004	1	0.5	15.527121	0.1077677
20151004	1	0.5	13.032775	0.075633228
20151004	1	0.5	13.607373	0.090528786
20151004	1	0.5	14.244177	0.13710761
20151004	1	0.5	15.659268	0.11576819
20151004	1	0.5	11.4582	0.058151126
20151004	1	0.5	11.96714	0.081526697
20151004	1	0.5	15.401008	0.085021138
20151004	1	0.5	14.736814	0.089008212
20151004	1	0.5	15.645164	0.075354576
20151004	1	0.5	11.237705	0.054493785
20151004	1	0.5	11.680834	0.054113448
20151004	1	0.5	13.041243	0.075987816
20151004	1	0.5	11.85593	0.066317499
20151004	1	0.5	13.752624	0.11138195
20151004	1	0.5	12.07428	0.082018375
20151004	1	0.5	13.637086	0.076639354
20151004	1	0.5	11.982505	0.04889369
20151004	1	0.5	13.228935	0.064839184
20151004	1	0.5	12.44348	0.081501603
20151004	1	0.5	12.077327	0.11937284
20151004	1	0.5	15.968738	0.10298353
20151004	1	0.5	13.16201	0.080123067
20151004	1	0.5	14.77422	0.13858926
20151004	1	0.5	15.569719	0.077402353
20151004	1	0.5	12.11687	0.066826582
20151004	1	0.5	12.847943	0.080756545
20151004	1	0.5	13.645179	0.064628124
20151004	1	0.5	15.252155	0.078704834
20151004	1	0.5	13.498773	0.092679977
20151004	1	0.5	13.234497	0.09094739
20151004	1	0.5	16.129232	0.13619071
20151004	1	0.5	18.47101	0.13429898
20151004	1	0.5	12.89654	0.10173577
20151004	1	0.5	11.746801	0.056708872
20151004	1	0.5	12.517189	0.11565751
20151004	1	0.5	12.558277	0.080673277
20151004	1	0.5	14.223495	0.065939605
20151004	1	0.5	12.282759	0.091042697
20151004	1	0.5	12.189535	0.077562988
20151004	1	0.5	14.393228	0.075224757
20151004	1	0.5	15.729606	0.090131104
20151004	1	0.5	13.167601	0.071496069
20151004	1	0.5	13.5396	0.10153162
20151004	1	0.5	13.798034	0.077648044
20151004	1	0.5	9.9082489	0.060483992
20151004	1	0.5	11.954835	0.088112593
20151004	1	0.5	13.930736	0.095326245
20151004	1	0.5	11.554139	0.07924211
20151004	1	0.5	13.779352	0.1026178
20151004	1	0.5	13.223372	0.098994195
20151004	1	0.5	13.444144	0.085143089
20151004	1	0.5	13.278909	0.089306653
20151004	1	0.5	11.803051	0.084060371
20151004	1	0.5	12.043765	0.069051921
20151004	1	0.5	12.007047	0.075011253
20151004	1	0.5	12.910798	0.073091388
20151004	1	0.5	11.601812	0.097190797
20151004	1	0.5	18.027416	0.024868667
20151004	1	0.5	11.02949	0.043618202
20151004	1	0.5	14.851227	0.12546289
20151004	1	0.5	13.26782	0.069382429
20151004	1	0.5	12.890832	0.12154269
20151004	1	0.5	14.903168	0.079686105
20151004	1	0.5	14.088327	0.073244929
20151004	1	0.5	12.876552	0.093801737
20151004	1	0.5	15.348354	0.083437562
20151004	1	0.5	12.150229	0.079117239
20151004	1	0.5	14.68679	0.060815334
20151004	1	0.5	12.000916	0.070375443
20151004	1	0.5	12.467114	0.080746591
20151004	1	0.5	12.354448	0.074794531
20151004	1	0.5	12.294736	0.092040002
20151004	1	0.5	11.945598	0.064898431
20151004	1	0.5	11.859035	0.067059457
20151004	1	0.5	13.88841	0.089629769
20151004	1	0.5	11.454988	0.089403987
20151004	1	0.5	13.474218	0.11017364
20151004	1	0.5	12.258768	0.096241057
20151004	1	0.5	12.34551	0.076177478
20151004	1	0.5	13.400281	0.09996587
20151004	1	0.5	13.397534	0.068400264
20151004	1	0.5	12.695244	0.088846326
20151004	1	0.5	14.14307	0.079398632
20151004	1	0.5	12.402012	0.088414788
20151004	1	0.5	12.369331	0.068168819
20151004	1	0.5	13.301059	0.066880107
20151004	1	0.5	13.091931	0.078548551
